[7968]
[6606]
[3096]
[12844]
[7969]
[2289]
[4110]
[7470]
[6326]
[3965]
[8040]
[5810]
[6723]
[4592]
[2935]
[3052]
[6535]
[2299]
[7591]
[12958]
[3188]
[4781]
[12660]
[6613]
[6919]
[8098]
[9716]
[3178]
[12701]
[5872]
[3095, 269]
[6945]
[7646]
[8114]
[2314]
[2524]
[7596]
[13134]
[3027]
[2931, 270]
[6614]
[3634]
[5979]
[5138]
[6642]
[13123]
[12962]
[1870]
[5978]
[2933]
[6319]
[4748]
[807, 227, 238, 318, 297, 255, 37, 154, 269, 273]
[2585]
[3488]
[3063, 239]
[3039]
[10095]
[7615]
[4043]
[2923]
[4122]
[5898, 227]
[4553]
[6939]
[971]
[6827]
[6408]
[12598]
[8424]
[6097]
[6923]
[4077]
[6940]
[12864]
[4030]
[6119]
[2293]
[3043]
[6564]
[5314]
[1676]
[2253]
[4706]
[2941]
[12830]
[1681]
[7586]
[11479, 323]
[3022]
[322, 60]
[8571, 293, 310, 318, 297, 269, 309, 276]
[5721]
[3992]
[7581]
[4753]
[2672]
[9622]
[4783]
[7578]
[4580]
[7752]
[3284]
[10096]
[6147]
[3539]
[5731]
[1076]
[12640]
[2813]
[1496]
[7204]
[8625]
[3288]
[7910]
[4939]
[2951]
[4736]
[8724]
[4472]
[4196]
[8764, 318]
[6915]
[5388]
[1406]
[4728, 37]
[2522]
[4584]
[2284]
[3482]
[3019]
[6922]
[6051]
[2663]
[5353]
[3991]
[2977]
[5744]
[3187]
[2258, 252]
[5172]
[9015]
[7849]
[2330, 239, 154]
[8041]
[2315]
[7838]
[4139, 269]
[2944]
[4687]
[12957]
[4755]
[3986]
[2914, 270]
[10142]
[4214]
[3912]
[6647]
[1268]
[3044]
[6852]
[6586]
[3164]
[2328, 239]
[12576]
[4156, 269]
[4117, 269]
[7597]
[2494, 239]
[4149]
[2656]
[4779]
[4404]
[6946]
[5235]
[2378]
[7589]
[5785]
[3372]
[3755]
[1525]
[3485]
[3990]
[4155]
[2788]
[12882]
[2331, 239]
[12692]
[3582]
[5775]
[4054]
[6541]
[3869]
[11403, 154]
[11404]
[2943]
[3028]
[13135]
[2478]
[4610]
[6609]
[3538]
[2686]
[9988]
[3608]
[3672, 37]
[6721]
[4138]
[634]
[12826]
[5983]
[7830]
[4754]
[4136]
[12401]
[3050]
[3346]
[4165]
[3289]
[2929, 270]
[3540]
[2632, 29, 270]
[2922]
[12967]
[3282]
[2926, 270]
[4557]
[12439]
[2148]
[5991, 227]
[3042]
[3029]
[4958]
[7584]
[11401, 233, 323]
[6445]
[2657]
[4080]
[7588]
[4774]
[5354]
[4251]
[4976]
[6137]
[2830]
[2937]
[4849]
[6991]
[4123]
[2669]
[2719]
[9215]
[10669, 287]
[11423]
[11463, 310, 318, 319, 269, 323, 309, 327, 316, 308, 306]
[9396]
[6694, 37]
[1186, 246]
[4540]
[1107, 303, 229, 293, 239, 302, 255, 295, 269, 305, 294, 276, 308]
[9023]
[2278]
[11482, 336]
[9222]
[12839]
[11953]
[12389]
[3374]
[11791]
[10059, 269]
[2526]
[1004, 310, 320, 318, 311, 336, 269, 309, 273, 276, 306]
[9653, 269]
[249, 318, 240, 246, 248, 263, 270, 309, 277]
[12208, 336, 316]
[5413]
[498, 234, 251, 37, 269]
[12590]
[314, 234]
[3868]
[1212]
[3811, 219]
[9073]
[12938]
[12344]
[5494]
[4181, 219]
[4256]
[2113]
[2529]
[8824, 269]
[4627, 238, 154, 269]
[8766]
[12387]
[4796, 235]
[750, 318]
[3389]
[7472]
[4659]
[9303]
[9378, 318, 269, 273]
[8542]
[4982]
[1452]
[5573]
[4239, 246]
[8518]
[1865, 270, 271]
[854]
[9046, 318]
[2707, 116]
[8045]
[10936]
[1258]
[5676]
[6115]
[3186]
[6675, 233]
[12691]
[1489]
[12374]
[4589]
[1021]
[10348]
[10103]
[7963]
[952]
[2112, 253, 29]
[7272]
[12770, 323]
[3081]
[12594]
[1123]
[8093]
[5227]
[12964]
[9024]
[9289]
[702]
[12571]
[12761]
[12860]
[8364]
[8208]
[12854, 336]
[8579]
[11735, 311]
[12372]
[12396, 323]
[95, 311]
[9343]
[4201, 293, 235, 29, 37, 305]
[4014, 238, 318, 302, 255, 298, 266, 269, 305, 306]
[329, 323]
[7780]
[8462]
[4061]
[9323]
[8016]
[9412]
[1940]
[8195]
[10482]
[5039, 293, 318, 269, 59, 276]
[11841, 328, 336, 323]
[10402, 60]
[29]
[12558]
[2684]
[5830]
[9217]
[1040, 302]
[1304]
[2041, 235]
[598, 238, 277]
[651, 271]
[1072, 318, 299, 269]
[2047, 116, 233, 235, 246, 253, 29, 263, 270, 271]
[1594]
[678]
[12471]
[4994, 314, 320, 318, 273]
[11196, 59]
[1950, 227, 151, 154, 219]
[191, 251, 311, 37, 298, 327]
[9413]
[12607]
[4427]
[1167, 154]
[4840]
[9536]
[10190]
[11002]
[587]
[12492, 336]
[11575, 320, 315, 317, 319, 336, 323]
[8179]
[7340]
[12619]
[4444]
[12975]
[9535]
[5490]
[12514]
[9438]
[8703]
[12297, 314, 317, 323]
[8000, 318, 302, 309, 305, 276]
[11398]
[3750]
[3640]
[9650]
[9039]
[10271]
[937, 227, 229]
[7705]
[3263]
[8830]
[12820]
[12002]
[8680]
[11044]
[8209]
[9093]
[9628]
[7099]
[6968]
[11000]
[10252]
[11089]
[7804, 246]
[12700]
[219]
[10262]
[8543]
[3667, 219]
[546]
[5646]
[2074]
[8658, 318, 308]
[5454]
[9018, 320, 318, 317, 311, 295, 59, 273, 276]
[12639]
[2234]
[11006]
[767]
[9248]
[9344, 318]
[12668]
[11077]
[8245]
[2379, 219]
[415]
[8148]
[12831]
[6531]
[11]
[12589]
[5989]
[3596]
[1836, 227, 233, 246, 248, 249, 252, 29, 270, 271, 60]
[11063]
[6992]
[8958]
[12679]
[1364]
[578]
[1358, 269]
[7998]
[263]
[465, 151]
[9]
[8617]
[3170]
[11122]
[6101]
[2666]
[1937, 29, 37, 219]
[2687, 154]
[11491, 305]
[7218]
[232, 227, 303, 310, 318, 302, 251, 299, 319, 336, 273, 316, 308]
[1045, 238, 315, 277]
[12741]
[2537]
[6148]
[9543]
[3652, 271]
[7013]
[3268]
[1664]
[6291]
[87, 116, 233, 246, 334, 32, 311, 151, 37, 154, 319, 269, 270, 323, 309]
[8460]
[12634]
[1640]
[8210]
[2720]
[7422]
[8562]
[300, 263]
[1528]
[1450]
[8891]
[9799, 310, 320, 319, 308]
[12654]
[10035]
[3878]
[6447]
[8031]
[5453]
[5541]
[8941]
[8320]
[1671]
[7346]
[779, 318, 269]
[8732]
[5685]
[7639, 320, 318, 269]
[412, 320]
[12459, 320]
[7376]
[6566]
[2954]
[12600]
[5452]
[12686]
[609]
[862]
[2383]
[8236]
[2685]
[734]
[4874]
[9269]
[2713, 116, 32]
[8337]
[5178]
[8549]
[6507]
[9126]
[1352]
[8700]
[1328]
[2939, 271]
[5822]
[9095]
[4797]
[1074, 37, 270]
[5833]
[12529]
[2527]
[5017]
[8767]
[8295]
[1595]
[4164]
[2077, 116, 233, 32, 270]
[5029, 293]
[5030, 293, 309]
[3480]
[9474]
[7058]
[12313]
[656]
[3568]
[1387]
[3633]
[3593]
[4871]
[1013]
[13029]
[7664]
[9694]
[3483]
[8193, 258, 269, 277]
[406, 151]
[2885]
[8749]
[10332]
[2038, 270]
[12577]
[9529]
[7002]
[12226]
[11562, 318, 295]
[9048]
[4161]
[11393]
[5834]
[12263]
[8338]
[6121]
[11911]
[6176]
[8204, 302]
[8523]
[1935, 116, 239, 252, 253, 29, 270, 271]
[352, 251]
[9544]
[8394]
[4064]
[11942]
[726]
[10162]
[12309]
[8113]
[7395]
[5323]
[8857]
[875]
[11866]
[1440]
[4617]
[12794]
[3198]
[24, 314, 234, 310, 238, 318, 302, 251, 315, 317, 255, 319, 269, 323, 309, 273, 316]
[5367]
[1337, 239]
[2334, 239]
[9043, 318, 269, 276]
[8768]
[5021]
[1338]
[10085]
[7464]
[8376]
[203]
[506, 227, 234, 317, 154, 336]
[5456]
[12441, 328, 323]
[5876]
[4469]
[4864]
[7986]
[10562]
[9127]
[740]
[2722]
[5498]
[1536]
[5856]
[520, 310, 238, 318, 302, 317, 255, 266, 269, 273, 276]
[1646]
[7656]
[8296]
[916]
[512, 318]
[4591]
[5957]
[4804]
[10062]
[1945]
[1693]
[8842]
[1289]
[2751]
[5609]
[1094]
[9268]
[10137]
[9181]
[12432, 323]
[4225]
[4676]
[2765]
[12790, 336]
[8001]
[648, 303, 318, 302, 317, 255, 319, 327]
[4583]
[12007]
[5179, 255, 269]
[5486]
[9560]
[10265]
[11922]
[904, 318, 299]
[11232]
[5826]
[6043]
[10063]
[3336]
[10258]
[1456]
[1499]
[1288, 227]
[5677]
[3780]
[7390]
[193]
[9463]
[6546]
[12535]
[5449]
[387]
[1388]
[3700]
[12840]
[11952]
[12397, 323]
[12595]
[12430, 323]
[3654]
[12690]
[9016]
[3829]
[12949]
[4135]
[9212]
[11457, 297, 269]
[11614]
[7509]
[9409]
[3182]
[787]
[3524]
[7980]
[11441]
[1277, 116, 248, 252, 263, 270]
[4453]
[4701]
[9590]
[9049]
[8860]
[11417]
[4801]
[4829]
[1508]
[5570]
[6593]
[1384]
[239]
[10001]
[4574, 302]
[6623]
[1279, 233, 240, 248, 252, 32, 263, 280]
[3459, 233, 32]
[8820]
[8466]
[2815]
[7334]
[1461]
[3978]
[421, 269]
[10098]
[8262]
[1223]
[9266]
[12762]
[499]
[9368, 318, 269, 273]
[10087, 302]
[12423, 321]
[12744, 336]
[9074]
[11854, 318]
[1148, 37]
[6600]
[8540, 269]
[3580]
[6761]
[1359]
[9448]
[1514]
[9128]
[9371, 302]
[5113, 277]
[7927]
[1404]
[7510]
[10397]
[10128]
[11093]
[10030]
[12738, 336]
[4992, 296, 318, 297, 302, 305]
[5517]
[4236]
[2962]
[9491]
[8750]
[3094]
[11875, 310, 323, 308]
[1]
[9075]
[12932]
[12490]
[10093]
[128, 296, 318, 302, 269, 273]
[10041]
[3701, 29]
[3155]
[1976]
[8643, 269, 323]
[12350]
[12956]
[530, 251]
[3394]
[8681]
[1011]
[2141]
[5869]
[8654]
[1251, 270]
[4862]
[1507]
[11494, 310, 318, 309]
[969, 229, 297, 309]
[11647, 318, 302, 305]
[2460]
[12678]
[8308]
[2133, 116, 310, 320, 318, 248, 302, 253, 255, 37, 154, 319, 336, 269, 323, 309, 277]
[2984]
[2975]
[1680]
[1341]
[5634, 293, 269, 294, 276]
[5553]
[8781]
[715]
[1601]
[7468]
[5659]
[3850]
[1316, 239]
[211, 116, 231, 233, 246]
[1298, 246, 248, 252, 305]
[7712]
[1122, 318, 255]
[5771]
[12699, 323]
[8172]
[6010]
[10277]
[9556]
[8317, 60]
[12563]
[12815]
[2376, 240, 253]
[8537]
[1185, 29]
[7098]
[3054]
[1089]
[6621]
[694, 310, 320, 318, 315, 319, 336, 269, 321, 327, 308]
[4556]
[4541]
[3626, 227, 240, 249, 253, 29, 219]
[1390, 318]
[1048]
[12580]
[11489]
[10048]
[10389]
[106]
[12847]
[11543, 238, 318, 302, 336, 59, 305, 277]
[2043, 116, 252, 270]
[3945]
[12422, 321]
[8660]
[10757]
[12166]
[12919]
[8912]
[3767, 219]
[12976]
[665, 296, 276]
[3673]
[5514]
[9370]
[1151]
[5459]
[11118]
[7669, 269]
[11914]
[13113]
[12799]
[6652]
[4661]
[10151]
[367, 310, 238, 302, 251, 255, 299, 309]
[9076]
[9315]
[770]
[12134]
[125]
[1758]
[675]
[8953, 235, 29]
[1871, 116, 235, 253, 29]
[3166]
[5518]
[12928, 116]
[594]
[4390, 154]
[4587]
[1909, 116, 227, 233, 249, 32, 37, 154, 280]
[907]
[5015, 308]
[10091, 318, 309, 273]
[8211]
[71, 227]
[1216, 116, 233, 302, 271]
[4426, 269, 305]
[1394, 270, 271]
[8497]
[11798, 310, 317]
[8385]
[3632, 271, 280]
[4860]
[7127]
[2940]
[5823, 116, 233, 29, 270, 271]
[8476]
[8325]
[2540, 271]
[3109]
[6503]
[10023, 314, 320, 302, 315, 334, 311, 336, 323, 309]
[8811]
[2035]
[941]
[12259]
[8116]
[3507]
[8783]
[408]
[8511]
[12795]
[4658]
[11265]
[8474]
[8212, 323]
[1000]
[6582]
[8648]
[8682]
[4060]
[3816]
[1612, 252, 271]
[105, 116, 246, 248, 252, 151, 263, 270, 271, 60]
[9461]
[2650]
[1231, 116, 37]
[12765]
[5281]
[3858]
[9779]
[9163]
[12608]
[3535]
[5815, 32]
[12791]
[7781]
[6117]
[9152]
[887, 238, 318, 299, 269]
[1827, 116, 233, 240, 246, 270, 271]
[12901]
[2465]
[7826]
[12977]
[5690]
[12750]
[9169]
[3074, 233, 29]
[4421]
[5481]
[7343]
[1001]
[12807]
[8002]
[9345]
[176]
[557]
[5268, 227, 229, 238, 239]
[8586]
[12802]
[6561]
[355]
[970, 238, 269]
[8607]
[3415, 116, 32]
[10008]
[8751]
[238]
[7129, 270]
[8557]
[9346]
[8653, 323, 60]
[3053]
[1682]
[9223]
[7546, 302, 273]
[3317]
[11308]
[605]
[2536]
[583]
[12472, 332, 321]
[10078, 308]
[11559, 318]
[12604]
[645]
[9508]
[8339]
[8668]
[3073]
[666, 238]
[81]
[1141, 229, 310, 238, 318, 332, 302, 309, 273, 305, 321, 316, 306]
[2386, 235, 240, 29]
[6016]
[3343]
[3960]
[7377]
[1017, 302]
[8010]
[622]
[10076]
[8850]
[8068]
[8168]
[5960]
[8046]
[1960]
[11979]
[379, 240, 249, 29]
[9188]
[10478]
[2381]
[5251, 229, 293, 310, 238, 318, 297, 302, 251, 317, 255, 299, 298, 295, 269, 309, 273, 305, 276, 277, 316]
[12982, 302, 336]
[9658]
[391]
[4877]
[6069]
[9189]
[366, 303, 318, 299, 269, 308, 279]
[3248]
[9202]
[2490, 239]
[8622]
[1317, 271]
[6345]
[6858]
[4000]
[12324]
[12385]
[8604]
[3169]
[8299]
[7339]
[4794]
[12621]
[1616]
[2823]
[3404]
[5348]
[9206]
[8051]
[8512]
[12900]
[8213]
[1067, 318, 299, 269, 273]
[11045]
[2887]
[8602]
[9660]
[9998]
[10037, 269]
[2983]
[1133, 238, 318, 255, 269, 305, 277]
[12954]
[4446]
[4442]
[159, 318]
[12953]
[162, 59, 327, 280]
[9347]
[10275]
[200]
[10108, 269]
[4746]
[5729, 154]
[6579]
[9360]
[10155]
[12712, 323]
[2598]
[2089, 29]
[9129]
[5221]
[2817]
[759, 276]
[12574]
[9689]
[11276]
[12583]
[1203]
[7644, 269]
[1603]
[533]
[5699]
[8652]
[7119, 271]
[6028]
[3244]
[8907]
[2974, 227, 269]
[3675]
[12800]
[7861]
[6257]
[8661]
[8683]
[10014]
[12648]
[9657]
[4780]
[4039, 154]
[9403]
[9661]
[9691]
[6938]
[11937, 321]
[1481]
[10458]
[5681]
[9937, 308]
[5127]
[336]
[11896]
[12961]
[5075, 116, 248, 253, 37, 154, 219]
[10053, 238]
[9219]
[808, 320, 238, 302, 269]
[9991]
[11748, 314, 320, 318, 315, 59]
[1673]
[12467]
[12658]
[12570]
[12778, 332]
[619, 318]
[7865]
[174, 293, 238, 318, 302, 255, 151, 269, 59, 309]
[11113]
[849, 255]
[8973]
[12673]
[357, 310, 320, 238, 239, 318, 332, 287, 315, 255, 319, 269, 323, 277]
[12277, 314]
[8247]
[8251]
[1887, 116, 231, 233, 239, 253, 29, 270, 271]
[2151]
[2073]
[2498]
[4857]
[7441]
[5571]
[8849]
[12661]
[10673, 296]
[1941]
[3057]
[7507]
[185, 238, 255, 269, 316, 306]
[12897]
[9096]
[9441]
[1332]
[556]
[11246]
[11123]
[1050, 299]
[10851]
[1052, 320, 298, 305, 279]
[12899]
[9182]
[12665]
[12388]
[4866]
[13122]
[5368]
[7518]
[902]
[8725, 269]
[10405, 59, 279]
[4769, 116, 235, 253, 29]
[12798]
[4660]
[562, 318, 269, 273]
[8214]
[441, 318]
[3805]
[529, 229, 318, 255]
[12688]
[5523]
[1192, 227, 310, 154, 60]
[11216]
[8340]
[10197, 269]
[4861]
[3731]
[9414]
[9272]
[5149, 318, 297, 276]
[12448, 320, 336]
[10156]
[9283]
[6850, 271]
[12425, 319]
[44, 116, 234, 296, 240, 246, 248, 251, 252, 37, 263, 270, 271, 280]
[8752]
[8838]
[4001]
[5882]
[8939]
[5971]
[9021]
[4858]
[637, 302]
[9316]
[3999]
[12463]
[9679]
[638]
[11863, 60]
[1430]
[8094]
[3388]
[8244]
[8024]
[6645]
[12803]
[8599]
[46]
[2048]
[8025]
[12823]
[12340, 320]
[10445, 334]
[13132]
[1767, 252]
[7331]
[9564]
[8525]
[9415]
[6170, 310, 238, 251, 317, 273, 321]
[11944]
[1421, 255]
[11345]
[270, 116, 233, 29]
[574]
[8055]
[2291, 239, 219]
[10886]
[1431]
[1523]
[8039]
[8111]
[5186]
[9098]
[3862]
[9160]
[10178]
[9530]
[3822]
[2518]
[4105]
[4394, 227]
[660]
[9515]
[2055]
[2054]
[7848]
[5451]
[3927]
[7975]
[8582]
[9094]
[9145, 252]
[9276]
[9534]
[424, 251]
[9620]
[6133]
[2079]
[5345]
[8341]
[12754, 323]
[8271]
[5542]
[8018, 233, 238, 246]
[12572]
[972, 227]
[9545]
[585, 318, 306]
[9130]
[1324]
[8342]
[954, 116, 233, 252, 29, 154, 321]
[8132, 269]
[12375, 321]
[1158]
[10281]
[9980]
[9492]
[5703]
[4269]
[5212]
[8810]
[12531]
[7762]
[8043]
[3135]
[3671, 29, 219]
[12544]
[8343]
[11331]
[2350]
[1424]
[8769]
[1403]
[7349]
[8253]
[12776]
[6065]
[2727]
[10]
[1428]
[8640]
[1092, 318, 269]
[8229]
[10609]
[1624]
[12622]
[525]
[3572, 227, 249, 253, 29, 154]
[8784]
[5245]
[5743]
[12452, 323, 321]
[1746, 295]
[11600]
[8815]
[919]
[12662]
[9424]
[7554]
[4688]
[9588]
[2050]
[10172, 314, 302, 315, 317, 295, 309]
[12988, 336]
[7987]
[3804]
[5650]
[4775]
[3501]
[8738, 318, 302, 269, 309, 279]
[8406]
[12611]
[9155]
[868, 277]
[10192]
[10754]
[7903]
[8684]
[1220]
[1709]
[9670, 295, 276]
[3789]
[600, 238, 255, 298, 269, 59]
[12317]
[8293]
[595]
[8117]
[1509, 269]
[4147]
[5287]
[4101, 227]
[1168]
[10324]
[10150]
[10325]
[10029]
[9776]
[10191]
[10031]
[10094]
[9704]
[9777]
[11399]
[11391]
[10484]
[11320]
[11319]
[11301]
[11001]
[10480]
[10464]
[11305]
[10394]
[10403]
[11203]
[11321]
[11322]
[11325]
[10404]
[11323]
[11324]
[11016]
[11046]
[1778, 263]
[3500]
[2309, 29]
[4042]
[12532]
[2696]
[617]
[10479]
[9045]
[5977]
[10273]
[8028, 318, 269]
[9299]
[8486]
[1126, 212]
[356, 227]
[9443]
[9654, 269]
[3395, 116, 29, 151]
[5662]
[429, 238, 299, 305, 60]
[8083]
[3769]
[6082, 246]
[5651]
[1510]
[419]
[3102, 240, 280]
[8948]
[505]
[9304]
[6536]
[3456, 233, 240, 246, 253]
[9555]
[3779]
[12814]
[12527]
[8504, 293, 234, 238, 318, 302, 251, 255, 299, 309, 273, 305, 276, 308]
[10106, 59]
[9643]
[4665]
[5468]
[2625]
[1305]
[6298, 37]
[7816]
[12353]
[1881, 116]
[11465]
[10351]
[10443, 273]
[5133]
[6136]
[8872]
[9366]
[5661]
[11473]
[5040]
[354, 227]
[12632]
[1480]
[9476]
[8536]
[8785]
[12449]
[4762]
[923]
[9037]
[121, 116, 320, 238, 240, 248, 251, 253, 32, 299, 154, 266, 212, 269, 323, 271, 321, 277, 308, 279]
[7409]
[692, 303, 279]
[9224, 320, 318, 317, 269, 323, 279]
[9526]
[16, 227, 310, 318, 302, 287, 251, 252, 311, 263, 269, 309, 306]
[8366]
[255]
[1661]
[3787]
[3759]
[663]
[5614]
[2820, 116]
[3826, 116]
[2010]
[12643]
[1400, 318, 269, 59, 276]
[7110]
[12203]
[10072]
[6570]
[3277]
[8386]
[4579]
[3105, 32]
[8300]
[1898, 116, 233, 235]
[589, 276]
[2307]
[8042]
[9178]
[8545]
[10320, 315, 317, 311, 323]
[9565, 116, 227, 233, 240, 246, 248, 252, 253, 29, 32, 258, 151, 154, 270, 271, 219, 321, 280]
[8215]
[9201, 251]
[633]
[1716]
[12484]
[733]
[12890]
[10159, 311, 323]
[11309, 311, 319, 323, 305]
[5479]
[9506]
[7722, 279]
[8669]
[2427]
[11421, 238, 318, 251, 255, 59, 277, 306]
[1460]
[2254]
[3846]
[430, 234, 238, 318, 302, 315, 255, 299, 336, 269, 273, 305, 60]
[9365]
[5574]
[359, 238, 251, 299, 154, 269]
[9669]
[8522, 229, 310, 238, 318, 332, 302, 255, 319, 269, 273, 277]
[7404]
[2375, 240]
[12889, 332]
[12796]
[889, 318, 251, 154, 269]
[738]
[6986, 296, 249, 258, 151, 270]
[6196]
[9981]
[9557]
[12321]
[6998]
[2471, 271]
[2039]
[3863]
[1068, 293]
[8931]
[9310]
[12588]
[10268, 305]
[5827]
[7857]
[7973]
[4118]
[312, 314, 310, 238, 239, 318, 297, 302, 315, 255, 311, 154, 319, 266, 295, 269, 273, 327, 294, 60]
[12905, 239]
[6013]
[8425]
[550]
[986]
[9190]
[9271]
[5679]
[5620]
[3603, 227, 310, 37, 154]
[4629]
[4496]
[8591]
[1944]
[8760]
[9040]
[6184]
[9465]
[10113, 263]
[885]
[2317]
[3790]
[10477]
[682, 154]
[1172, 233, 246, 248, 253]
[8047]
[10756]
[8500]
[8858]
[4150, 317, 336, 321, 308]
[4145]
[9668]
[7385]
[6688]
[8786]
[4048]
[370]
[7337]
[9464]
[3696, 29]
[1041, 318, 59]
[12500, 323]
[618, 234, 251]
[8445]
[73]
[8095]
[5184]
[1261]
[13047]
[7874]
[32, 246]
[12502, 302]
[8198]
[74, 37, 154]
[3788]
[1436]
[7694]
[7691]
[10288, 296, 238, 318, 297, 302, 255, 269, 59, 273, 279]
[5615]
[9100]
[1171]
[792]
[592, 318, 269, 309, 279]
[277, 227, 320, 318, 269, 309, 273, 327, 279]
[1054, 238, 302, 269, 276]
[8482]
[12880]
[4927]
[9624]
[9249]
[6149]
[5881, 318]
[9245]
[3181]
[7528]
[7421]
[3183]
[8910]
[8952]
[9247]
[5624]
[8314]
[1019]
[1034, 116]
[9101]
[5465]
[12519]
[3797]
[5187]
[8326]
[9505]
[724]
[5622]
[2873]
[7357]
[6916]
[1470]
[1515]
[4853]
[1587]
[12021]
[2710, 116]
[1651]
[10326]
[11941]
[10713]
[1064]
[60]
[6639]
[5948, 227]
[1630]
[11390]
[12694]
[9288]
[9428]
[9131]
[6819]
[6031]
[1297, 248]
[1541]
[4255]
[1310]
[11680, 314, 320, 319, 336, 323]
[8932]
[9214]
[5037, 309, 276, 277]
[5718]
[7548]
[5495]
[5500]
[4146]
[10025, 60]
[59]
[5469]
[8940]
[9404]
[8052]
[9102]
[1928, 29, 151]
[3703, 253, 29]
[6114]
[2302]
[11234]
[8118]
[180, 116, 231, 233, 246, 248]
[9199]
[9410]
[9507]
[8713]
[9671]
[9672]
[2319, 233, 253]
[2322]
[3653]
[2037]
[1626]
[3646, 302]
[5106, 234, 238, 302, 251, 299, 309]
[12130]
[8787]
[12358]
[8489]
[974, 318, 273]
[5828]
[3886, 116, 252]
[1273]
[7435]
[3968]
[6713]
[11369]
[7241]
[8770]
[5277]
[11799, 323]
[8029]
[2535]
[10115, 302, 287, 273]
[236, 296, 318]
[12239, 310, 297]
[7523]
[9063]
[5927]
[8550]
[3830]
[6081]
[9659]
[10267]
[9546]
[1311]
[12581, 310, 318, 269, 309]
[452, 116, 227, 310, 238, 318, 249, 287, 251, 317, 255, 151, 299, 298, 266, 295, 269, 270, 59, 309, 273]
[5668]
[1665]
[11242]
[5483]
[9287]
[3665]
[5669]
[6583]
[2798]
[12481]
[524]
[676, 227, 238, 317, 255, 311, 154]
[1218]
[4143]
[3807, 37]
[9317, 309]
[2078, 151]
[11563]
[9064]
[8873]
[3266]
[909]
[104, 246, 248, 252]
[5789]
[5962]
[5953, 227, 239]
[2]
[8813]
[8823]
[8377]
[10905]
[8649]
[1690]
[1545]
[374, 227, 234, 238, 318, 255, 154, 269, 323]
[6141]
[12382]
[9407]
[9173]
[762, 238, 245, 251]
[9649]
[9394, 296, 297, 269, 306]
[1024]
[1295, 116, 233, 246, 270]
[11493, 309]
[4264]
[8903]
[7931, 318, 269]
[9103]
[3131]
[7988]
[5572]
[1179]
[1614]
[1035, 255]
[9050]
[7352]
[3904]
[4681]
[297, 276]
[6731]
[12174, 320, 315, 317, 319, 336, 323]
[6799]
[12614]
[4258, 251]
[9500]
[12256]
[12525]
[428, 318, 302, 299, 308]
[9311]
[304]
[3235]
[829, 270, 276]
[12755, 323]
[1494]
[3706]
[9331]
[1521]
[1445]
[12460, 336]
[10454, 293, 318, 295, 269, 276]
[12929]
[8237]
[11011]
[1644]
[5868]
[9411]
[7946]
[8753]
[7663]
[5723]
[6034, 270]
[8741]
[440, 227, 310, 318, 297, 249, 302, 287, 251, 253, 269, 271, 309, 60, 306]
[5497]
[1617]
[12552]
[544, 234]
[9493]
[8789]
[5501]
[5675]
[12442, 320]
[12792]
[7018, 271]
[545]
[5551]
[2093, 29, 32]
[1154]
[492, 234]
[7709, 318]
[4714]
[2503]
[6201]
[5365, 116, 235, 239, 154, 271]
[3381]
[9099]
[631]
[10349]
[5560]
[8144]
[8405]
[739]
[9250]
[5429]
[2062, 233]
[5024]
[11094]
[12628]
[4984]
[273, 303, 255, 305, 308]
[12254]
[7489]
[5638]
[5036, 277]
[8454]
[8587]
[3856]
[12753, 323]
[5450]
[1864, 270]
[7551, 309]
[5974, 302, 154]
[365, 310, 238, 318, 302, 154, 309, 276]
[1495]
[8843, 314, 302]
[12253, 314]
[9436]
[10660]
[906, 318, 299, 269]
[12004]
[2955]
[2265]
[12408]
[3727]
[8985]
[2869]
[7179]
[6272]
[9656]
[9191]
[743]
[248, 234, 238, 255, 299, 273, 277, 279]
[10171]
[2260, 233, 246]
[5000]
[1469]
[8119]
[6049, 116, 151, 270, 271]
[9985]
[9547]
[1020]
[7887]
[12707, 323]
[6684]
[3832]
[10475]
[1084]
[12782]
[5585]
[8374, 154]
[712]
[1280]
[9246]
[9089, 318, 273]
[5633, 305]
[10024]
[903, 238, 318]
[3254]
[3827]
[8807]
[1236]
[1645]
[12528]
[1086]
[417]
[8143]
[7351]
[8678, 320, 318, 302, 269, 306]
[8754]
[12596]
[7704]
[5938]
[420, 318, 251, 212, 269, 277]
[8638]
[9362]
[9537]
[4786]
[6348]
[5482]
[3803]
[7495]
[12775]
[8407]
[8790]
[12416]
[735, 332]
[1530]
[12466]
[1356]
[12939]
[8120]
[8505]
[12469]
[5589]
[8121]
[12526]
[11545]
[11307, 305]
[3133]
[2824]
[1549]
[9778, 318]
[3709]
[3200]
[3898]
[3711]
[1132, 310, 238, 318, 302, 317, 255, 319, 269, 309, 273, 277, 279]
[10353]
[3916]
[11886, 302, 315, 323, 305]
[5547]
[12651]
[1016]
[8188]
[5470]
[5550]
[4055, 227]
[308, 227, 238, 212, 277]
[9082]
[8241]
[2717, 253]
[7329]
[12657]
[8309, 318]
[10054, 318]
[2122]
[5816]
[668]
[7234]
[2652]
[5764, 116, 231, 233, 246, 248, 252, 270, 271, 321]
[9090]
[689]
[7813]
[9108]
[4771]
[953]
[1209]
[1242]
[1245]
[2818]
[5151]
[9592]
[6389]
[12624]
[12748]
[9029]
[395]
[11092]
[8595]
[921]
[7039]
[5578]
[5925]
[1083]
[2263, 271, 219]
[12689]
[5859, 227, 154]
[7504]
[8104]
[7491]
[1604]
[9696]
[368, 229, 29]
[4141]
[10365]
[1897]
[8049, 318]
[4107]
[10398]
[7779]
[12670]
[1512]
[10022, 318, 298]
[1439, 269]
[5693]
[2099, 227, 240, 249, 32, 151, 154, 280]
[6436]
[1828]
[12837, 336]
[11765, 314, 229, 293, 310, 238, 318, 332, 302, 251, 336, 269, 309, 273, 305, 321, 276, 277, 308]
[12836, 336]
[10254]
[567]
[7883]
[3401]
[12333]
[4953]
[5512]
[1683]
[12663]
[3895, 269]
[10102]
[1125]
[12540]
[9425]
[8105]
[9225]
[9275]
[5909, 248]
[12518]
[3119]
[8059]
[10581, 302, 309, 305]
[9242]
[8933, 320, 302, 319, 323]
[10494]
[924]
[4386]
[8347]
[8463]
[4052]
[11615]
[10027]
[614, 238, 318, 251, 255]
[4387]
[9251]
[3761, 219]
[3280]
[8216]
[2520, 227, 154]
[11409]
[7713]
[12122]
[5192]
[8003, 318, 295, 294]
[5496]
[120, 238, 297]
[2489, 29]
[1018]
[879]
[12426, 334, 336, 323]
[3390]
[2819]
[5455]
[5985]
[11595, 315, 305]
[2044]
[9375]
[9259]
[510, 318, 273]
[4817]
[4085]
[7901]
[12940]
[177, 318, 269]
[12603]
[5557]
[12715, 323]
[2067]
[8707]
[11015]
[2996]
[7493]
[8635, 293, 234, 238, 245, 251, 255, 212, 277]
[9548]
[9478]
[3781]
[8085]
[11966]
[476, 234]
[12386, 323]
[144]
[10390]
[10121, 318, 269]
[8685, 270]
[1946]
[11579, 296, 287, 309]
[1519, 246, 252]
[8443]
[8393]
[827, 320, 318, 323, 273]
[11268]
[3562]
[9652]
[1140, 318]
[293]
[6616]
[8605]
[3963]
[2744]
[8819]
[400, 229, 293]
[1201]
[2695, 227]
[5529]
[8526]
[8675]
[9104]
[6670]
[5616]
[12702]
[1437, 276]
[8901, 310, 318, 302, 317, 311, 319, 309, 273, 327, 60, 308, 306]
[8283]
[3233, 271]
[8258]
[2493]
[12562]
[12920]
[10380]
[9312]
[404]
[9577]
[7494]
[12419]
[1350]
[11486, 269, 308]
[5688]
[9647, 302]
[12813]
[1643]
[9473]
[821]
[7978]
[8174]
[9675]
[5933]
[5279]
[385]
[12515]
[5910]
[7671, 269]
[910]
[1936, 293, 235, 29]
[2884]
[3866]
[6812]
[1747]
[962]
[7774]
[8217]
[5956]
[7231, 227, 240]
[1565]
[8558]
[8030, 318, 269]
[5502]
[3931, 253]
[10355]
[6112]
[4549]
[11383]
[5913]
[8319]
[5715]
[3530]
[8879]
[1434]
[635, 151]
[1178, 116, 271]
[9174]
[3943]
[8686]
[4078]
[9594]
[1190]
[601, 116, 271]
[10919]
[8122]
[7416]
[5558]
[8513]
[7697]
[12884]
[7606]
[2821]
[866]
[1360]
[8231]
[12952]
[5602]
[5480]
[4443]
[12934]
[5526]
[872, 310, 238, 318, 255, 336, 269, 273, 305, 316]
[6553]
[1215]
[12907]
[10045]
[1314]
[5656]
[11396, 308]
[1737]
[436, 314, 293, 238, 318, 302, 255, 269, 273, 327, 279]
[4790]
[218]
[2461]
[1293, 219]
[5903, 154]
[8546]
[409, 251, 37]
[9208]
[9456]
[6804]
[6089]
[552, 310, 238, 318, 336, 273]
[833, 238]
[1012, 269]
[9158]
[1144]
[97]
[6798]
[1326, 227, 248, 249, 252, 263, 270, 271]
[5038]
[422, 251, 154]
[12523]
[930, 318]
[9372]
[10070]
[5742, 293, 310, 302, 269, 308]
[2681]
[4712]
[8123]
[1684]
[8146]
[3061]
[7718]
[1446]
[3828]
[3349]
[6244]
[11414]
[8090]
[8395]
[1098]
[6631]
[201]
[4990, 302, 255, 269]
[4560]
[4233]
[3806]
[8701]
[1104, 229, 293]
[2492]
[1301, 235, 248]
[9226]
[3682]
[5564]
[6924]
[8032]
[1817]
[1493]
[457, 238, 251]
[1656]
[8196]
[259, 116, 231, 233, 246, 248, 302, 252, 253, 29, 154, 270, 271]
[5857]
[5575]
[483, 227, 310, 296, 238, 245, 302, 251, 309]
[8730]
[8606, 60]
[7994]
[9300]
[11300, 310, 309]
[720]
[644, 238, 255, 336, 323]
[12824, 336]
[9943, 318]
[2697, 116, 231, 233, 240, 246, 248, 302, 263, 271, 277]
[12906]
[745]
[8831]
[8023]
[12476]
[7393]
[10134, 318, 336]
[9227]
[10393]
[222]
[4987]
[11155]
[9183]
[13006]
[7970]
[1303, 276]
[2297, 233, 246]
[2947]
[2703, 246]
[8327]
[7412]
[4960]
[8992]
[1455]
[10033]
[6068]
[7317]
[292]
[10950]
[449, 302, 295, 269]
[12454]
[7951]
[8149]
[732]
[748]
[9011]
[347, 238, 251]
[7933]
[10724]
[9105]
[6107]
[5458]
[1345]
[9077]
[260]
[8199]
[12568]
[2300]
[4955]
[12354]
[8527]
[11091]
[9519]
[42, 227, 249, 154]
[9479]
[6598]
[1149]
[6002]
[10338]
[10758]
[12146]
[1365]
[1346]
[717]
[3436, 233]
[5226]
[4731]
[926, 310, 318, 309]
[12546]
[12829]
[6426]
[2272]
[2484, 271]
[8613, 295, 276]
[7649]
[2523]
[362, 227, 293, 310, 238, 318, 302, 287, 255, 151, 37, 154, 269, 59, 309, 276, 277]
[12255]
[3929]
[8506]
[965, 270]
[4266, 238]
[10785, 302, 328, 59, 309]
[8279]
[12537]
[9175]
[7654]
[11283]
[9426]
[8197]
[8520, 318]
[6130]
[3650, 233]
[3387]
[7913]
[9718, 269]
[1550]
[3751, 219]
[6066]
[7347]
[375, 116, 227, 233, 239, 240, 246, 248, 249, 252, 32, 151, 37, 263, 154, 269, 280]
[10186]
[12764]
[4102, 227]
[5623]
[8451]
[5401]
[3834]
[7184]
[3611, 37]
[9044]
[6655]
[2059, 271]
[5472]
[4047]
[460, 234, 323]
[8755]
[2678]
[12638]
[10666]
[1722, 233]
[9983]
[2651]
[1287]
[6527]
[12941]
[5320]
[187]
[4282]
[12992]
[12759]
[8915]
[9480]
[1145, 238]
[951]
[7811]
[8238]
[5866]
[7353]
[12295]
[942, 320, 336]
[9263]
[8547]
[8248]
[3058]
[3411]
[12946]
[1354, 154]
[5621]
[2482]
[10483]
[7985]
[1342]
[3785]
[11257]
[7602]
[3947]
[305, 233]
[8478]
[2807]
[12547]
[6325]
[9296, 302, 59]
[3104, 240]
[358]
[5687]
[2195]
[2702, 246]
[1892, 116, 233, 240, 246, 32]
[4582]
[5972]
[9348]
[2218]
[12706]
[2997, 233]
[6592]
[10042]
[3715]
[12464]
[8687, 297, 59]
[11435, 323]
[10315]
[1621]
[548, 318, 302, 299, 295, 269, 309, 273, 276]
[1368, 255, 336, 273]
[5643]
[8951]
[295, 318, 277]
[7608]
[5191]
[5592]
[12298, 315, 323]
[2296, 116, 252, 29]
[12560]
[4882]
[10101]
[10391]
[10334]
[10336]
[8930]
[3392]
[11197]
[4027, 227]
[345]
[8631]
[7623]
[950]
[3179]
[8375]
[869, 277]
[5322]
[8670]
[11743, 310, 318, 315, 317, 311, 319, 269, 323, 273]
[9481]
[516]
[10399]
[4131]
[10043]
[3242]
[8556]
[851]
[10136]
[2811]
[1284, 233, 239, 29, 270, 271]
[2505, 219]
[463, 151]
[8832]
[747]
[4985]
[9549]
[4585]
[10163]
[4445]
[710]
[9610]
[9324]
[416, 251]
[4119]
[371, 238, 251, 269, 321]
[12675]
[1526]
[8791]
[8965]
[6273]
[6452]
[12664]
[5682]
[339, 227, 314, 296, 318, 269, 273]
[6918]
[11483, 309]
[6751]
[386]
[1672]
[4262]
[3457, 240]
[9132]
[10088]
[9252]
[8057]
[8833]
[235, 251, 29, 154]
[507, 318, 269, 59, 305]
[5559]
[1544]
[774, 310, 238, 318, 269, 60, 308]
[793]
[1506]
[3723]
[7547]
[1022]
[2310, 235]
[5593]
[7384, 154]
[3825]
[3072]
[8884]
[2822, 253]
[2827]
[2829]
[9318]
[4106]
[11901, 320, 334, 336, 323, 321]
[3047]
[7989]
[10260]
[8167]
[12966]
[4828, 37]
[4059]
[4058, 37]
[9517]
[11521, 238, 318, 302, 255, 269]
[8895]
[5136]
[6610]
[7638, 269]
[7628]
[9996]
[7629]
[888, 229, 318, 299, 269]
[2495, 151, 154]
[189, 293, 318, 302, 37, 305]
[4839]
[8916]
[1488]
[7879]
[9630]
[12763]
[10427]
[5554]
[6444]
[5738, 60]
[11337]
[5236]
[2712, 116]
[9253]
[5652]
[8716]
[5636, 320, 318]
[1635]
[9615]
[6195]
[9071]
[4017]
[521, 238, 318, 251, 255, 266]
[3414, 116]
[3555, 116, 29, 32, 151]
[2828]
[3384]
[5963]
[4588]
[538, 310, 212, 269, 309, 276, 277]
[7245]
[12631]
[3776]
[9307, 318, 276]
[11259]
[3286]
[11530, 317, 311, 323]
[4719]
[1974]
[7777]
[4524, 154]
[5412]
[6601]
[8218]
[766, 37]
[12746]
[1547]
[755]
[5539]
[8150]
[5147, 59]
[1015, 238, 255]
[7276]
[5513]
[9699]
[9700]
[12431, 334]
[2989, 227, 154, 269]
[12417]
[11412]
[1188]
[8657]
[12586]
[9151]
[5339]
[4046]
[7302]
[5144, 314, 321]
[192, 310, 318, 302, 336, 273, 327, 316]
[2680]
[8913]
[12245]
[11982]
[1367, 238]
[8062]
[8401]
[11198]
[8739]
[12318]
[12160]
[10732]
[12172]
[10755]
[10833]
[9041]
[8554]
[7580]
[1272]
[8771]
[8772]
[4854]
[6967]
[7657]
[8413]
[1159, 302]
[11887, 310, 59]
[12125, 315]
[3163]
[1139]
[10863]
[8219]
[11040]
[1063, 334]
[915, 251, 316]
[10141]
[10009]
[1177]
[5110]
[7537]
[7520]
[798, 37, 321]
[9106]
[6868, 116, 240, 29, 219]
[9518]
[1429]
[8265]
[4253]
[9514]
[2543]
[2261, 233, 246, 219]
[9695]
[8473]
[12936, 336]
[2139]
[5344]
[1207]
[12319, 336]
[12902, 334]
[5594]
[12513]
[2069, 246, 258]
[5605]
[10270]
[7990]
[782, 245]
[10100]
[5617]
[763, 234]
[1522]
[12684]
[8318]
[6495]
[1355]
[5177]
[7920]
[8845]
[9107]
[6948]
[5467]
[7776]
[12534]
[2474, 271]
[570, 116, 227, 238, 318, 245, 297, 302, 37, 263, 269, 270, 305, 277]
[5599]
[8717]
[12913]
[6874]
[1224, 227, 32, 154]
[4454]
[1484]
[5313]
[11684]
[9388]
[3383]
[818]
[188, 37]
[8013]
[210]
[623]
[55, 234, 238, 255, 37, 273, 277, 306]
[10607]
[1393]
[237]
[4493]
[8252]
[3148]
[2562]
[2135]
[7708]
[12937]
[4346]
[9207]
[306, 314, 318, 302, 269]
[12451, 320]
[8134]
[10010]
[181]
[7675]
[8135]
[5524]
[12773]
[10432, 234, 323]
[716]
[5533]
[12891]
[8688]
[380, 29]
[8902]
[705]
[5499]
[5665]
[3791]
[848, 255]
[9278]
[9398]
[9416]
[7935]
[10890]
[338, 238, 277]
[9494]
[2311]
[9558]
[2046]
[10083]
[10157, 59, 305]
[12666]
[11003]
[8301]
[5462]
[1184]
[52]
[393, 154]
[10117]
[11913]
[5586]
[8434]
[376, 29]
[5752, 319]
[5505]
[12806]
[6767, 252]
[3347]
[5448]
[2406, 270]
[3766, 219]
[2279]
[9277]
[2273, 219]
[6025, 154]
[3184]
[381]
[5461]
[11998]
[11326]
[5657]
[4022]
[7614]
[6038]
[8053]
[5201]
[3792]
[8136]
[1967, 233, 239]
[12641]
[5837]
[12561, 238]
[12579]
[2499]
[6591]
[6067]
[12320]
[155, 37]
[334]
[647, 318]
[8848]
[8086]
[8479]
[10495, 302]
[8740]
[1038, 239, 29, 154, 269]
[6520, 296, 302]
[6901, 240, 32, 219]
[9203]
[12862]
[5618]
[8151]
[148]
[6664]
[8610]
[883]
[873]
[3075]
[143]
[5359]
[9612]
[4727]
[1483]
[7362]
[5333]
[3722]
[4884]
[2756]
[9389]
[1620]
[8773]
[1162, 227, 239, 252, 29, 151, 263, 154, 271]
[12414]
[8908]
[1806]
[3940, 269]
[2425]
[4144]
[8137]
[9109]
[9133]
[11898]
[5700]
[8152]
[9673]
[5725]
[426, 310, 318, 255, 212, 269, 271, 309, 273, 308, 306]
[586, 276]
[1639]
[2428, 318, 269]
[12520]
[4367, 319]
[4401]
[363, 238]
[8071, 238, 37]
[7668]
[12566]
[8961]
[3901]
[7815]
[7292]
[241, 310, 240, 253, 319, 323, 309, 60]
[8865]
[7775]
[438, 227, 234, 318, 266, 269, 273, 305]
[12704]
[423, 302, 251, 269, 308]
[11737, 303, 318, 302, 334, 269, 323, 308, 306]
[8729]
[11277]
[8538, 269]
[1602]
[8905]
[8180]
[343, 29]
[7545]
[737]
[3736]
[8551]
[12853]
[9150]
[12395]
[3386]
[4514]
[5655]
[2976]
[12772]
[10066, 314, 315, 317]
[8745]
[1111]
[1479]
[8581]
[12819]
[12779]
[12351]
[9390]
[1370]
[196, 269]
[12713, 323]
[7744]
[7745]
[8863]
[12541]
[1059]
[266]
[4813]
[820, 314, 318, 269, 323]
[1638]
[1026]
[5581]
[553, 234, 277]
[6676]
[2994]
[481, 315, 255, 269, 59, 60]
[12400]
[8580]
[8026]
[2178]
[9427]
[760]
[8346]
[1449]
[4989, 293, 315, 255, 269]
[7843, 318, 37]
[891, 255]
[890, 238, 255]
[9147]
[7279]
[508]
[10328]
[6628]
[8885]
[4924]
[2488]
[1115]
[486, 319, 219]
[8855]
[8662]
[12843]
[12950, 334, 336]
[8106]
[5493]
[12756]
[8875]
[8091]
[12605]
[194, 229, 238, 29, 255, 299]
[11406]
[11436]
[13142]
[9228]
[5199]
[12554]
[10168]
[4007]
[116]
[8656]
[7519]
[5142]
[12394, 319]
[9240]
[12370]
[1330]
[5863]
[1959]
[8387]
[8880]
[8302]
[12504]
[10099]
[5476]
[5474]
[1535]
[12434]
[5464]
[3504]
[5169]
[10135]
[3651]
[267, 151, 154]
[3550]
[8645]
[464, 151]
[2491]
[9149]
[2879, 227, 314, 310, 320, 249, 302, 251, 315, 154, 323, 321, 306]
[175, 227, 249, 251, 37, 154]
[1176]
[12456, 323]
[4326]
[8874]
[12979]
[11809]
[12671]
[12480]
[871]
[6542]
[6465]
[9134]
[5185]
[388]
[2771]
[10067]
[7626]
[2355]
[4981, 303, 318, 269, 308]
[12601]
[1516]
[1593]
[9583]
[3900]
[1586]
[5162]
[5163]
[9589]
[801, 299, 298, 279]
[6792]
[10396]
[9211]
[2306, 239, 297]
[10316]
[1629]
[9170]
[3754, 151]
[7219, 318]
[3996]
[8718]
[7375, 302, 311, 323, 321]
[12970]
[9294]
[2329]
[340]
[8650]
[630]
[12585]
[12817]
[8779]
[3612]
[11981]
[12406, 323]
[9452]
[12548]
[12542]
[425, 310, 318, 245, 302, 251, 315, 317, 319, 323, 273, 321, 279]
[7941]
[9457, 302]
[778, 279]
[12861, 336]
[12511]
[5033, 293, 318, 295, 269, 276]
[402]
[7855]
[12718]
[485, 303, 229, 293, 238, 318, 302, 255, 295, 269, 309, 305, 294, 276, 308]
[878, 238, 318, 302, 287, 255, 269, 273, 276]
[835]
[1227]
[9384]
[9437, 238, 318, 273]
[509, 251, 273, 305]
[5121]
[1353, 270]
[8565]
[1927, 227, 29, 154]
[7593]
[549]
[10144, 315, 309, 305, 327]
[11757, 227, 320, 318, 302, 251, 37, 309, 273, 327, 276]
[704, 116]
[3393]
[1248, 227, 320, 318, 249, 334, 336]
[1398]
[7897]
[11294]
[11306, 320, 311, 319, 321]
[784, 269]
[12615]
[3932, 253]
[1929, 235, 239, 253, 29]
[8485]
[5211]
[10263]
[5124, 253]
[9645]
[4090]
[1598]
[1627]
[5091]
[2759]
[796, 251, 59]
[1247, 231, 233, 270, 271]
[3035, 231]
[3034, 231]
[7269]
[7270]
[1642]
[1727]
[7592]
[1932, 116, 233]
[5248]
[4689]
[5606]
[8348]
[4309]
[8004]
[8792]
[12784]
[7325]
[9204]
[4926, 277]
[4967]
[5544]
[8175]
[7471]
[1349]
[2701]
[6602]
[12898]
[12328]
[8639]
[56, 227, 296, 318, 249]
[12894]
[12896]
[11437]
[12384]
[4596, 245, 251]
[96, 116, 154, 280]
[8817]
[9135]
[12895]
[5607]
[699, 269, 276]
[490, 234, 251, 266]
[7627]
[4561]
[12503]
[12687]
[12716]
[12437]
[30, 238, 251, 266, 269]
[4559]
[629]
[5515]
[2184]
[11490, 318, 308, 279]
[8256]
[1315, 263, 271]
[1085]
[5043, 238, 255]
[9335]
[616, 303, 310, 318, 302, 336, 269, 309, 306, 279]
[10759, 334]
[8762]
[2298, 239, 29, 154]
[1399]
[12162]
[898]
[9684]
[8005]
[12381]
[127, 318]
[12696]
[9387]
[5600]
[8379]
[1252, 248, 29, 263, 271, 321]
[9692]
[1977, 154]
[5540]
[5548]
[12787]
[6346]
[5134]
[9350]
[10050]
[8868]
[10056, 273]
[4409, 37]
[8886]
[9026]
[5814]
[382, 233, 29]
[9992]
[4272]
[2285, 29]
[6050]
[8124]
[1347]
[12747]
[8255]
[12457, 332, 323, 321]
[4248]
[8689]
[11202]
[12533]
[5709, 154, 269]
[5708]
[7286]
[5670]
[1121]
[945, 246]
[9482]
[8417]
[9110]
[4628, 227, 154]
[1504]
[571, 116, 233, 240, 32, 154, 280]
[1402]
[9451]
[2323, 219]
[1299, 248, 29, 219]
[2354]
[5119, 293]
[8995]
[8609]
[658, 116, 233, 235, 246, 253, 29, 151]
[12301]
[8205]
[4590]
[9017]
[3801]
[12148]
[1069]
[11931]
[8674]
[515]
[9051]
[5048]
[4009]
[10104, 302, 305]
[6379]
[9047, 318, 273]
[9399]
[497, 318, 276]
[12599]
[9648]
[10742]
[1320]
[9655]
[10700]
[813]
[3637, 227, 154]
[2990]
[8064, 318]
[11355]
[18, 227, 310, 318, 297, 154, 60]
[9681]
[2724, 116, 253, 29]
[2725, 116, 29]
[12642]
[9081, 336, 323]
[9644]
[8388]
[7782]
[8389]
[9337]
[751]
[10109]
[10433, 318, 308]
[3708, 29, 277]
[12392, 336, 323]
[8349, 318, 311, 316, 308]
[2333, 239]
[8828]
[8856]
[2700, 233, 240, 246, 29, 270]
[4885]
[12875]
[540, 234, 251, 255, 212]
[8303]
[1655]
[9260]
[12841]
[3851]
[2938]
[8563]
[593, 318, 269, 306]
[10408]
[10463]
[9083]
[5364]
[12438]
[5363]
[4300, 310, 320, 318, 332, 302, 317, 299, 336, 323, 316, 308, 306, 279]
[8480]
[12373, 320]
[10116, 302]
[10875]
[8183]
[8381, 252]
[12163]
[9450]
[1204]
[11929]
[10987]
[11349]
[7074]
[8165]
[700]
[4980]
[5521]
[8615, 295]
[753, 238, 302, 319, 336, 305]
[4261, 229, 234, 251]
[10204]
[12001]
[9584]
[5773]
[8552]
[1047]
[11281]
[11263, 308]
[3820, 318, 276]
[4398]
[1670]
[401]
[9566]
[10937]
[3577]
[1163, 227, 151, 154]
[636, 151]
[9264]
[1046, 318]
[8642]
[9688]
[11918]
[10200]
[4013]
[117]
[1282, 116, 227, 231, 233, 239, 240, 246, 248, 252, 29, 151, 263, 154, 270, 271]
[7964]
[7212]
[2076, 116, 233, 246]
[8350]
[23, 238, 269]
[4235]
[2269]
[1286, 116, 227, 233, 246, 29, 37, 154, 270, 271]
[3315]
[3738, 219]
[10153]
[5701]
[9042]
[8378]
[6304]
[7974]
[1119, 269]
[9122]
[1222, 227, 249, 317, 311, 154]
[11943]
[10105]
[1214]
[1005, 318, 276]
[12933]
[12917]
[780, 233]
[560, 229, 318, 302, 251, 315, 255, 269, 276]
[245]
[2119, 240, 154]
[874]
[12536]
[8398]
[8311]
[8736]
[8576]
[4237]
[9435]
[1657]
[12262]
[25, 310, 238, 239, 318, 255, 269]
[3783]
[8814, 255, 336]
[8949, 269]
[7328]
[7327]
[3031]
[8663]
[5511]
[3666]
[8242]
[3285]
[3302]
[12629]
[8351]
[8498]
[11963]
[9146]
[114, 318, 295]
[11350]
[7823]
[12758]
[1518]
[597, 270]
[12647]
[5610]
[1576]
[10778]
[823]
[8035]
[10017]
[934, 116, 233, 246, 252, 270, 271]
[757, 303, 318, 317, 277, 308, 306]
[12296]
[11484, 308, 306]
[4876]
[707]
[12509]
[4160]
[12508]
[5769]
[966, 270, 271]
[2422]
[7230]
[10928]
[8499]
[8945]
[8507]
[1597]
[12550]
[5922]
[12749]
[12499]
[8239]
[1837]
[9585]
[5563]
[1605]
[5601]
[1095]
[8566]
[3937]
[7420]
[4923]
[4259]
[10256]
[9193]
[3942]
[12398]
[3176]
[11610, 317]
[11335]
[2081, 253]
[6528]
[5649]
[8153]
[7323]
[1968]
[5702]
[9084]
[12801]
[3521]
[8264]
[4662]
[8322]
[8323]
[2176]
[4991, 318, 302, 295, 336, 269, 59, 309, 305]
[1382, 233]
[1363]
[7208]
[8664]
[841, 37]
[8691]
[4306, 310, 238, 318, 251, 269, 59, 309, 273]
[7541]
[894]
[12555]
[9136]
[7540]
[9229]
[5026, 305, 277]
[3818]
[794, 37]
[7183, 269, 309]
[8588]
[11957]
[8892]
[10079]
[11940]
[940]
[12293]
[11597]
[9662]
[12685]
[4174, 239, 251, 37, 154]
[3270]
[8637]
[9035]
[2673, 235, 253, 29]
[7583]
[2366, 246]
[5926, 270]
[8692]
[3639, 233, 252]
[8450]
[12591]
[9539]
[10143]
[12626]
[3835]
[8834]
[5580]
[2988, 37, 269]
[1666]
[12812]
[12479]
[12871]
[9159]
[10080, 318]
[8019]
[3897]
[3734]
[3882]
[9027]
[2321, 227, 154]
[6301]
[8330]
[8959]
[1939, 151]
[8495, 318, 269, 59, 321]
[9483]
[12440, 320]
[1634]
[9012]
[6299]
[8577]
[9401]
[6597]
[957]
[243, 233, 318, 302, 251, 273]
[1652]
[8531]
[786]
[257, 151]
[20, 246, 271]
[5846, 227]
[9617]
[12680]
[8331, 229, 310, 238, 318, 255, 269, 273]
[9379]
[9338]
[9967, 296, 318, 302, 269]
[3162]
[8304]
[6083]
[8142]
[5836]
[9440, 318]
[5845, 227]
[12606]
[1611]
[6328]
[5819]
[6061]
[8200]
[5694]
[11133]
[8169]
[8794]
[8925]
[6060, 29]
[2723]
[4124]
[5393]
[3713]
[2027, 270]
[12000]
[3983]
[392, 116, 238, 255]
[9216]
[4132]
[75, 116, 248, 252]
[9449]
[8633]
[8192]
[8390]
[3831]
[649, 310, 296, 238, 318, 297, 315, 319, 269, 271, 277, 60, 316]
[5447]
[5931]
[8332]
[9429, 302, 269, 273]
[9520]
[5598]
[8671, 298, 336, 273]
[6320, 29]
[558, 239, 240, 253, 29]
[12597]
[7991]
[7227]
[7467]
[1196]
[11915]
[7995]
[8140]
[9137, 227, 229, 238, 239, 318, 302, 269, 273]
[9002]
[566]
[2136]
[1632]
[9567]
[3412, 116]
[8125, 227, 231, 233, 240, 246, 248, 258]
[12578]
[9176]
[5576]
[8896]
[9138]
[2124, 29]
[8020]
[4613, 227, 37]
[3605, 37]
[7818]
[10461]
[9484, 238, 318, 302, 311, 336, 309]
[897, 318, 299, 269]
[9503]
[3747]
[4349]
[1485]
[2853]
[7982]
[372, 235, 238, 29, 154]
[9970]
[7436]
[8076]
[437, 251]
[337]
[208, 314, 318, 315, 255, 311, 319, 336, 269, 323]
[11156]
[1426]
[12446, 321]
[9156]
[6805]
[8963]
[6709]
[809, 302, 269]
[6135]
[7502]
[9979]
[5757, 227]
[9439]
[2468]
[621, 239, 318, 269, 276]
[7263]
[7899]
[5484]
[3694, 29]
[3692, 29, 219]
[802, 318, 251, 276, 316, 308]
[746]
[4230]
[8699]
[9693]
[11362]
[9065]
[9383]
[4402]
[3909]
[1641]
[8839]
[12120]
[1169, 154]
[12343]
[8250]
[493, 234]
[5522]
[8761]
[5591]
[2108]
[8887]
[691]
[7952]
[5105]
[3799]
[3764, 219]
[9305]
[2784, 116, 231, 233, 246, 252, 151]
[494]
[2308]
[2709, 116]
[8665]
[6229]
[8403]
[290]
[1926, 32, 270, 271]
[7274]
[11553, 234, 318, 251, 37, 299, 212, 269, 309, 273, 305]
[435, 116, 227, 231, 233, 240, 246, 249, 302, 252, 253, 29, 32, 151, 154, 270, 271, 280]
[6823]
[1919]
[1405, 238, 318, 251, 255, 266, 269, 59, 277, 308]
[88, 238, 245]
[9351]
[4068]
[5356]
[17]
[722]
[8795, 234]
[4996]
[1411]
[9386]
[94, 318, 302, 311, 273]
[10077]
[3138]
[12409]
[12165]
[4083]
[3598]
[8102]
[3844]
[414]
[3023]
[9072]
[2230, 270]
[8888]
[8914]
[9197]
[11359]
[495, 151, 212, 269, 277]
[8859]
[3610]
[5210]
[2369, 233, 246]
[5713]
[12507]
[223]
[9485]
[11808, 323]
[1610]
[9377]
[5475]
[8825, 303, 302, 315, 317, 323, 273, 60, 308]
[12781]
[8918, 309]
[1609]
[657]
[5131]
[9466]
[5350]
[5935]
[1443]
[2675]
[1260]
[11347, 296, 302]
[1153]
[531, 251]
[12443, 320]
[11204]
[389, 154, 270, 271]
[15]
[11333]
[8232]
[1608]
[8666]
[8693]
[2318]
[1842]
[8780]
[1221, 227, 154]
[4411]
[3140]
[643, 229]
[256]
[9586, 305]
[11930, 311, 336]
[5317]
[5355]
[454, 238, 318, 287, 255, 154, 269, 309, 273]
[5747, 311]
[301]
[9376]
[3923, 151]
[8726]
[9062]
[10915]
[5919]
[10974]
[1266]
[394, 318, 299]
[12478]
[1658]
[2634]
[1933, 116, 233, 235, 239, 246, 253, 29, 271]
[3232]
[2028, 116, 231, 240, 248, 270]
[3060]
[5027, 277]
[9243]
[10658]
[2103, 29, 151, 154]
[5238]
[3720]
[12693, 323]
[6313]
[9319]
[811]
[1901, 116, 233, 239, 32, 271]
[8063]
[9079]
[1647]
[5076]
[5128]
[9028]
[9486]
[3705, 29]
[6662]
[64]
[4280]
[8521]
[8006]
[3712]
[9230]
[1291]
[4232]
[8796]
[9273]
[9532]
[7640, 269]
[9003]
[9417]
[1973]
[2029]
[8472]
[8646]
[7511]
[1631]
[12376, 334, 336, 323]
[8027, 318, 305, 308]
[2668, 29]
[2967, 154]
[9680]
[8367]
[9418]
[1811]
[7405]
[479, 238, 318, 245, 302, 287, 251, 255, 266, 269, 309]
[920]
[3683]
[5366]
[9267]
[8154]
[13028]
[9320]
[12943]
[6603]
[785]
[11182]
[1361]
[3838]
[12288, 336, 323]
[10188, 295]
[3881]
[775]
[9609]
[9367, 252, 269, 276, 277]
[8624]
[534, 251]
[12564]
[12695]
[12682]
[9254]
[9430]
[2721]
[8467]
[3891]
[12710, 323]
[3883]
[4886]
[11009]
[9298]
[2075, 116, 270]
[6242]
[6033]
[6760]
[10119, 306]
[882]
[8889]
[8846]
[8797]
[816]
[9521]
[12412]
[276]
[5525]
[5022, 320, 336, 323, 321]
[4354]
[7817]
[5680]
[6284, 227]
[5590]
[2011]
[11525]
[935]
[10021, 318]
[8312]
[9281]
[12780]
[6548]
[262, 227, 296, 318, 252, 263, 270, 271]
[2190]
[8294]
[6108]
[12556]
[742]
[9052]
[973]
[5545]
[3252]
[8333]
[10026]
[8382]
[1389]
[8107]
[795]
[8459]
[3743]
[8065]
[9231]
[2224]
[284]
[8383]
[8384]
[4995]
[3721]
[12487]
[11361, 302]
[5934]
[1451]
[2064]
[5739]
[6001, 227, 233, 238, 245, 246, 249, 251, 29, 32, 37, 336]
[3740]
[7996]
[7739]
[7741]
[7740]
[12808]
[9282]
[606]
[9339]
[831]
[3124]
[8862]
[736]
[8919]
[9616]
[4565]
[9085]
[5716]
[6851]
[215, 116, 246, 248, 252, 29, 263, 270, 271]
[11442]
[4624]
[4330, 276]
[5543]
[12427]
[2507, 318, 269]
[8936]
[3141]
[5489]
[7878]
[5568]
[12465]
[4488]
[2365, 246]
[5536]
[805, 302]
[1667]
[1559]
[5160, 323]
[399, 116, 233, 154, 270, 271]
[5362]
[9270]
[1275, 240, 297]
[6233]
[9528]
[12505]
[8714]
[3967]
[10322]
[8853]
[10164]
[9153]
[4603]
[9232]
[8155, 318, 269, 273]
[9301]
[8731]
[9053, 318]
[5663]
[8937]
[9111]
[12121]
[8897]
[11240]
[10004, 318]
[1894, 116, 231, 233, 239, 246, 249, 252, 29, 258, 154]
[2339]
[6632]
[5018]
[1374, 302, 298, 309, 279]
[242]
[3382]
[1189]
[9627]
[1649]
[10081, 318]
[1433, 234, 296, 255, 305]
[899]
[2860]
[1761]
[2871]
[12935]
[1053]
[688]
[274]
[9139]
[7358]
[1492]
[447, 293, 296, 251, 295, 336, 269, 59, 273, 305, 276, 316]
[4205, 37]
[5696]
[8585]
[3062, 239]
[554, 318]
[1872, 116, 227, 233, 246, 248, 249, 252, 253, 263, 154, 270, 271, 280]
[7610]
[3888]
[1082, 229, 238, 302, 255, 298, 154, 277]
[5531]
[9363]
[3966]
[5107, 318]
[12855, 336]
[7350]
[9091]
[9092]
[9255]
[1226, 270, 271]
[3845]
[8737, 318, 315, 311, 308]
[8548]
[1232, 246, 37, 271]
[1636]
[8368]
[8369]
[3871]
[8743]
[3481]
[9340]
[711]
[4682]
[10055, 318, 308]
[6476]
[6473]
[6624]
[791, 116, 234, 318, 240, 246, 248, 251, 252, 263, 270, 271, 280]
[8679]
[7457]
[5562]
[113, 154]
[4425]
[9402]
[9392]
[8596]
[12697]
[8156]
[3707]
[8036]
[12539]
[12963]
[5642]
[7940]
[2630, 270, 271]
[6118]
[4299]
[5982]
[2387]
[101, 227, 314, 310, 320, 154, 323, 308, 306]
[9256]
[7983]
[8676]
[2872]
[5658]
[2870]
[2236]
[3114]
[6828]
[6407]
[7797]
[2999]
[1791]
[6806, 296, 318, 212, 269, 309, 305, 276, 277]
[537]
[6802]
[7710]
[1513]
[3919]
[6643]
[6640]
[6744]
[7324]
[7326]
[6765]
[6759]
[6540]
[5884]
[536, 296, 318, 297, 302, 251, 311, 212, 269, 305, 276, 277, 60]
[1619]
[6106]
[2158]
[12821]
[1371, 318, 336, 277]
[8694]
[3009]
[527, 116, 233, 296, 238, 239, 318, 249, 252, 154, 269, 271, 308]
[5052, 238, 29, 219]
[3984]
[7594]
[8728, 315, 269, 305]
[5556]
[1110]
[8334]
[6128]
[1010]
[2345]
[2858]
[5193]
[3308]
[4600, 297, 302, 336, 323, 309, 305, 60]
[1914, 227, 296, 240, 297, 249, 29, 32, 154]
[10740]
[8464]
[7692, 276]
[652, 251]
[7284]
[9965, 269]
[5626, 255]
[9522]
[2295]
[1129, 238, 37]
[5612]
[9140]
[9210]
[1369, 255, 277, 279]
[9238]
[783, 276]
[432, 251]
[12893]
[5604]
[12892]
[9495]
[8139]
[12486]
[12445, 321]
[8677]
[824, 318, 297, 302, 269, 59, 273, 60]
[1819, 116, 233, 240, 246, 248, 252, 253, 258, 151, 270, 271]
[12587]
[8044]
[4844]
[870, 277]
[11440]
[674]
[5998]
[8501, 255]
[8950, 269, 273]
[12650]
[9054]
[4364]
[2986, 37]
[5832]
[9141]
[844, 227]
[12553]
[9221]
[3100, 233]
[9066]
[8014]
[2347]
[7736]
[7918]
[4018, 227, 249]
[4710]
[1420, 29]
[12866]
[8112]
[749]
[2477]
[5595]
[11395]
[1435]
[7672]
[12649]
[5582]
[8695, 318, 309]
[12352]
[5473]
[7342]
[11611]
[212, 318, 302, 269, 308]
[744]
[11917]
[1618]
[8126]
[5873, 302]
[11253]
[3115]
[2388]
[559, 227, 296, 297, 251, 255, 269, 270, 309, 276, 60]
[1955]
[9295]
[11935]
[7642, 269]
[7921]
[836]
[6522]
[8890]
[9112]
[5519]
[837, 318, 269]
[2088, 253]
[12435, 320]
[12530]
[7466]
[3739]
[9179, 318, 59, 276]
[12521]
[4558, 318, 273]
[8354]
[103, 253]
[9205]
[7909]
[11531, 311, 276]
[12602]
[12133]
[708, 293, 238, 251, 255, 299, 269, 59, 279]
[964, 233, 271]
[12947]
[5689]
[8488]
[8355]
[6743]
[7387]
[3786]
[8461]
[4079]
[1131, 293, 238]
[9459]
[5003, 318, 302, 295]
[11932]
[288]
[7665]
[1032, 37]
[5228]
[532, 314, 296, 249, 212, 295, 269, 276]
[4339]
[361, 303, 229, 293, 234, 310, 238, 318, 245, 302, 251, 255, 299, 298, 266, 295, 269, 309, 273, 276, 277]
[2677]
[12522]
[3518]
[5019]
[6122]
[933, 251]
[9677]
[1448]
[1103, 303, 296, 318, 302, 269, 273, 305, 277]
[11389]
[3462]
[3032]
[1335]
[8840]
[569, 277]
[9467]
[9342]
[7929]
[3763, 219]
[3486]
[10071]
[9408, 314, 323]
[1065, 318, 302, 269, 273]
[1120]
[10107]
[3975]
[9321]
[7760]
[1527]
[12501]
[12818]
[1969, 227, 154, 266]
[513, 238, 318, 266, 269, 59, 276]
[12846, 336]
[2631]
[9352]
[6831]
[7891, 314, 323]
[5954, 227]
[4359]
[5921]
[9184]
[3606, 270]
[12420]
[12488]
[8555]
[8876]
[3718]
[9200]
[8108]
[4053]
[955]
[6145]
[12573]
[3733]
[12978, 336]
[5673]
[7451, 269]
[7842]
[9279]
[1267, 233, 246, 248, 252]
[7979]
[360, 310, 318, 302, 287, 269, 309, 273, 308, 279]
[5068]
[8496]
[4275, 323]
[3230]
[3813]
[10824]
[1336, 154, 309]
[913, 238, 255]
[7728]
[317]
[10052]
[11801, 320, 319, 336]
[2826]
[5487]
[8259]
[1675]
[7637, 269]
[3371]
[1863, 116, 270, 271]
[8099]
[1351]
[5007]
[1958, 318, 273]
[9067]
[4005]
[3710, 227, 29, 37, 154]
[5114]
[6622]
[3744]
[3784]
[9218]
[1668]
[7363]
[1161, 253]
[11487, 309]
[110, 234, 37]
[10815]
[6162]
[8870]
[576]
[4329]
[12329]
[10991]
[9055]
[9056]
[8742]
[9419]
[9487]
[5509]
[8371]
[9057]
[8667]
[1193, 37]
[7850]
[11388]
[4999, 319, 323]
[2985]
[12474]
[5488]
[2292]
[4841]
[8651, 276]
[3410]
[1250, 116]
[8292]
[13099]
[12698, 332, 323]
[11742]
[2332, 239]
[5666]
[9213]
[326]
[3635, 227, 314, 238, 318, 245, 249, 251, 29, 255, 37, 154, 269, 273, 277]
[3819]
[6934, 219]
[602]
[10090, 310, 315]
[9257]
[561, 310, 302, 251, 295, 269, 309, 276, 277]
[66]
[5213]
[161, 239, 154]
[7707]
[7992]
[1511]
[1775]
[7877]
[8131]
[632, 154]
[684, 251, 37, 269]
[5535]
[5492]
[814, 295]
[3373]
[9313]
[7603]
[369]
[9504]
[4859]
[5660]
[10859, 59]
[12856]
[12655]
[72, 234, 238, 318, 311, 299, 319, 336, 273, 305, 321, 60]
[8706, 318, 295, 269, 273, 305, 294, 276]
[768, 276]
[4148]
[4554]
[5318]
[1396]
[10346]
[613]
[8544]
[444, 293, 235, 238, 318, 302, 253, 29, 32, 269, 309, 273, 279]
[2313]
[9322]
[217]
[461, 251]
[12703, 323]
[9570]
[2373, 240]
[8821]
[2382]
[9462]
[756]
[877]
[5654]
[9308]
[1143, 318, 302, 309, 273, 305, 276, 60]
[10783]
[8087]
[1613]
[8612]
[10323]
[12567]
[582, 303, 229, 318, 255, 299, 269]
[2970]
[3864, 235]
[2267, 116]
[9068]
[12623]
[1259]
[6508]
[721, 238, 318, 251, 255, 269, 273]
[10772]
[2949]
[10147, 295, 60]
[12785]
[8356]
[900]
[2545]
[9663]
[8735]
[9395, 269]
[9069]
[523, 238, 318]
[7746]
[6605]
[6941]
[1306]
[1255]
[9364, 336]
[11303]
[730]
[11835, 314, 310, 320, 318, 311, 269, 273, 305, 308]
[2964]
[9233, 320, 318, 273, 276]
[3730]
[3782, 235]
[8909]
[11415]
[8553]
[9329]
[11293]
[9330]
[11983]
[12334]
[9353]
[12767, 323]
[6003]
[5485]
[8798]
[8109]
[9405]
[2337, 239]
[182, 238, 318, 251, 255, 323, 316, 308]
[11999]
[8396]
[5274]
[4822]
[5528]
[655]
[1401]
[5561]
[10165]
[12616]
[2797, 246, 305]
[11071]
[9571]
[491, 234]
[1447]
[4637]
[8799]
[3762, 219]
[168]
[8987]
[3824]
[10152]
[2121, 154]
[8357]
[3378]
[2835]
[6015]
[12676]
[1137, 277]
[1081]
[10032]
[10125, 59, 305]
[8358]
[7249]
[1150]
[2268, 116]
[5180]
[12973]
[272, 315, 311]
[8641]
[9234, 317]
[10170]
[4396]
[4414]
[9381]
[12667]
[5222]
[8246]
[1442]
[968]
[5508]
[5278]
[10061, 308, 279]
[8397]
[8539]
[9572]
[5471]
[49, 249]
[6927]
[8969]
[1060]
[1503]
[886, 253]
[12644]
[1348]
[12719]
[5915]
[1340, 319, 323]
[1599]
[1099]
[543, 318]
[5672]
[2883]
[12119]
[4545]
[7890]
[12885, 336]
[1427]
[9598]
[846]
[5399, 233]
[10040]
[9420]
[1961, 116, 233, 235, 246, 253, 29, 280]
[1943]
[418]
[2833]
[810]
[7999]
[4125]
[8190, 318, 297]
[12793]
[8359]
[11226, 59]
[8697]
[1117, 320, 302, 287, 319, 306]
[12399, 321, 308]
[10131, 269]
[6464]
[7348]
[2018]
[5792]
[6163]
[5911]
[9274]
[4756]
[3802]
[6199]
[8746]
[12407]
[12825]
[5588]
[5440]
[6745]
[12904, 271]
[214, 116, 227, 310, 318, 245, 297, 248, 249, 302, 252, 37, 263, 154, 269, 270, 271, 277, 60]
[7666]
[8160]
[7858]
[8391]
[1003]
[9286, 60]
[2086, 227, 249, 29, 37, 154, 280]
[6317]
[12751]
[8469]
[123, 293, 310, 318, 302, 309, 273, 305, 294, 276, 277]
[1759, 116, 233, 240, 246, 248, 252, 253, 29, 32, 151, 263, 270, 271, 280]
[1553]
[12771, 336]
[12743]
[12991, 336]
[11336, 310]
[5197]
[5058]
[11492]
[63, 332, 311, 336, 270, 323]
[12538]
[6588, 240, 269]
[3793]
[11180]
[2338, 320, 318, 315, 311, 319, 323]
[11392]
[12739]
[5538]
[956]
[5640]
[9683, 269]
[804, 308]
[10038]
[8260]
[2053, 116, 233, 249, 252, 253, 29, 271]
[12610]
[9458, 318, 277]
[12314]
[7993]
[5223]
[777]
[2755]
[3674]
[4388]
[2509]
[3644, 219]
[939, 116, 233, 246, 252, 253, 29, 32, 263, 270, 271, 280]
[6650, 116, 271]
[7092]
[11925]
[12549]
[7]
[28]
[9306]
[4332]
[9235]
[1134, 238, 318, 255, 269, 277]
[12421]
[11416]
[9719, 276]
[4352]
[9431]
[5046]
[8282]
[7260]
[7206]
[8758]
[1142, 318]
[10182]
[11475]
[8502]
[8541]
[10511]
[1532]
[12677]
[3704, 29]
[5683]
[10982]
[9142]
[7514]
[7252]
[5135]
[5973]
[1235, 263]
[7232]
[563]
[10321]
[8220]
[8632]
[8809]
[12674]
[4863]
[205]
[610, 227, 249, 255]
[3664, 227, 249]
[434, 234, 318, 297, 302, 269]
[261, 116, 233, 29]
[7126]
[9432, 332]
[10344]
[3569]
[2530]
[8775, 302, 309, 305]
[12974, 336]
[12356]
[504]
[10127]
[3857]
[7354]
[1357]
[9236]
[7997]
[12705]
[8623, 323]
[3103, 240]
[12551]
[9454]
[555]
[8170]
[10028]
[1754]
[6109]
[12453]
[12944, 334]
[1623]
[19, 227, 60]
[912]
[3935]
[1833, 116, 233, 246, 252, 258]
[7275]
[3894]
[9196, 318]
[8181]
[641, 238, 332, 251, 277]
[8483]
[10120]
[9393]
[8221, 302, 311, 319, 273]
[12870]
[3729]
[9488]
[5584]
[741, 328]
[8189]
[4647]
[12757]
[8776]
[5940]
[9498]
[10154, 295, 60]
[12627]
[3823]
[10051, 315]
[11052]
[4451, 233, 246]
[12369]
[5158, 303, 318, 269, 273]
[7301]
[9143]
[8924, 302, 315, 317, 309]
[12968]
[12391]
[4071]
[12436]
[8826]
[7981]
[9667]
[4028]
[9775, 318]
[11261]
[5139, 318]
[12653]
[9524]
[9033, 269, 273]
[12717]
[4433]
[7682]
[8487, 321]
[8911]
[5457]
[12477]
[151]
[1625]
[1164, 116, 252, 151]
[8054]
[6677]
[9729]
[6152]
[10317, 308]
[12612]
[9446]
[8589]
[8715, 314, 318, 302]
[8305]
[1633]
[5549]
[9614]
[8519, 318]
[7568]
[6758, 116, 252, 253, 29, 263, 270, 271, 219]
[6863]
[2635]
[1899, 116, 248, 252, 29, 263, 270, 271]
[12418]
[4218]
[690, 269, 60]
[6343]
[4065, 270]
[5392]
[8672, 318]
[11912]
[8920]
[4371]
[10000]
[12493]
[8092]
[2800]
[8201]
[9400]
[3600]
[949]
[9421]
[12752]
[6635]
[7636]
[1462]
[1118, 233]
[11522]
[8141]
[9058]
[5641]
[7360]
[581, 234, 318, 302]
[8096]
[3453, 240]
[7344]
[9573]
[1329]
[1058, 238]
[2363, 246, 248, 252, 263, 271]
[607]
[12645]
[8432]
[7431]
[12805]
[12512]
[4550]
[2276]
[3609]
[2740]
[6125]
[8710]
[6611]
[7236]
[3998]
[1821]
[764]
[5532]
[11959]
[1703]
[4412, 318]
[9550, 306]
[7652]
[884]
[4159]
[8711]
[9468, 296, 318]
[12294]
[7738]
[11975]
[8360]
[7492]
[7450]
[7534, 295, 269]
[1181]
[839]
[943, 227]
[5878]
[11938]
[4523, 227, 154]
[12951]
[7460]
[8800]
[2194]
[8898]
[9611]
[6086]
[9123, 318, 269, 273, 294]
[7859]
[8222]
[5932]
[5639]
[9453]
[8038]
[5089]
[6308]
[439]
[229]
[198, 116]
[1423]
[8533]
[11354, 302, 311, 59]
[10084]
[12960]
[12708]
[8881]
[3853]
[12299]
[3312]
[1832, 116, 231, 233, 246, 252, 29, 258, 151, 154, 270, 271]
[6435]
[8127]
[2120]
[6126]
[2816, 29]
[8429, 234, 238, 318, 245, 249, 251, 29, 255, 299, 269, 271, 273, 305, 276, 277, 60, 308, 306]
[1947]
[10592, 59]
[5829]
[167, 295, 276]
[5936]
[9864]
[6251]
[8324]
[12341, 323]
[12482]
[3353]
[7469]
[7235]
[9261]
[11411]
[3817]
[9302]
[12742]
[7550]
[5407]
[12745]
[3337]
[5145]
[8954]
[8608]
[9678]
[12377, 320]
[1300, 116, 240, 246, 248, 252, 32, 263]
[9241]
[946, 258, 263, 270, 323, 271]
[6747]
[5315]
[1256]
[8524]
[9687]
[12506]
[5928]
[7934]
[4104]
[433, 238, 318, 255, 269, 277]
[12575]
[788, 251]
[12625]
[10572]
[1239]
[1606]
[26, 270, 271]
[8128]
[10097]
[12489, 336]
[9380]
[8763]
[727]
[5001]
[5044, 238, 318, 248, 252, 255, 299, 263, 309]
[8335]
[6589]
[1548, 154]
[1847]
[5671]
[3843]
[5478]
[11280]
[620]
[7330]
[1453]
[8306]
[947, 269, 276]
[12565]
[519]
[12620]
[517, 271]
[1942, 151]
[4593, 318]
[184, 116, 233, 296, 240, 246, 248, 252, 263, 271, 280]
[12516, 271]
[5125, 116, 233, 310, 240, 246, 248, 252, 263, 271]
[12357]
[2711, 116]
[8392]
[8600]
[3655]
[12737]
[7303]
[8007]
[4186]
[3449, 246]
[1087]
[5619]
[5173]
[12338]
[7750]
[2553]
[1240, 116, 233, 246, 248, 252, 270, 271]
[7413, 318, 336, 269, 59]
[7667]
[7938]
[8616]
[3553]
[2259, 233, 246, 252]
[5249, 318, 255, 269, 273, 277, 279]
[5255]
[905]
[10352]
[10350]
[3227]
[6076]
[4795]
[4108]
[9587]
[3796, 219]
[2277]
[3197]
[1249, 227, 154]
[7747]
[12569]
[8089]
[10039]
[1237]
[11965, 315, 323, 321]
[626, 238, 318, 332, 255, 32, 311, 319, 269, 270, 323, 59, 273, 305, 321, 277]
[12983, 336]
[8947]
[12368]
[13046, 336]
[928, 235]
[5126]
[7783]
[12559]
[8129]
[4732, 37]
[12659]
[8178, 245]
[480, 227, 310, 238, 318, 269, 308]
[8254]
[12777]
[6138]
[3595, 318]
[12411, 336, 323]
[542]
[6656]
[4283]
[4511]
[4406]
[4831]
[8801]
[21]
[8926]
[9020]
[9086]
[4832]
[9862]
[431, 227, 233, 238, 249, 321]
[4505]
[9525]
[10976]
[9551, 269]
[6080]
[4792, 253]
[1066, 318, 252, 29, 37, 269, 270, 271, 276]
[11225]
[11439]
[6102]
[8744]
[7392]
[1009]
[5463]
[12510]
[5970]
[4567]
[7957]
[10060, 298, 263]
[8468]
[7916]
[9355, 251]
[11041]
[9258]
[8883]
[11947]
[11151]
[8171]
[6091]
[3714]
[2325, 227, 154]
[12582]
[9999]
[6562]
[713, 238, 212]
[10860]
[12462, 336, 323]
[6425]
[240]
[12768, 323]
[12769, 323]
[5111, 269]
[11069]
[2534]
[5247]
[500, 229, 310, 238, 318, 245, 251, 255, 37, 212, 269, 271, 309, 305, 276, 277, 306]
[122]
[7716]
[10167]
[12371, 320, 315, 317, 334, 311, 319, 323]
[8871]
[12811]
[10132]
[7971]
[11904, 314]
[10092, 269]
[9059]
[1379]
[1238]
[9220, 269]
[11507]
[9325, 320]
[11586]
[11434, 320, 302, 336, 305]
[8015]
[8194]
[8307]
[8508]
[333]
[3985, 249, 323]
[10913]
[5635, 303, 318, 279]
[11851]
[9533]
[12656]
[7335]
[10049]
[1534]
[5351]
[5510]
[11048]
[5653]
[11278]
[914, 29]
[8802]
[8611]
[12774]
[12931]
[7926]
[832, 302, 255, 276, 277, 308, 306]
[350, 227, 233, 234, 238, 245, 297, 249, 251, 255, 37, 154, 269, 59, 60]
[11385]
[11372]
[11373]
[5992, 227]
[12246]
[146, 235, 253, 29]
[8008]
[4833]
[8698]
[1029]
[9382]
[9326]
[2340]
[1217]
[3884]
[6587]
[754]
[5797]
[3815]
[8361]
[10003, 318, 308, 306]
[2057, 271]
[3402]
[1156, 320, 297, 302, 336, 305, 60]
[10612, 309]
[8061, 316]
[2071, 235, 246, 252, 253]
[1650]
[12955]
[8493]
[1607]
[5305]
[575]
[7440]
[8708]
[4333]
[9172]
[61]
[8603]
[958, 246, 270, 271, 321]
[10264, 302]
[3222]
[1741]
[12475]
[7273]
[7661]
[4986]
[3185]
[925]
[501, 238, 318, 297, 255]
[4969]
[10853]
[4063]
[4152]
[11215]
[4070]
[9841]
[5596]
[6705]
[10388]
[13022]
[3106, 32]
[3385]
[12842]
[11716]
[9356]
[12948]
[3798]
[1560]
[11410]
[8494]
[7278]
[9237]
[3885, 318]
[5569]
[7242]
[3642]
[11458]
[8804]
[4, 238, 266]
[12517]
[627, 318, 269, 59, 277]
[5684]
[7875]
[8805]
[8938]
[2033]
[7867]
[8509]
[12557]
[1246, 298, 269, 309]
[4462]
[4429]
[6020]
[4952]
[12863, 332]
[1588]
[3245]
[484]
[4057]
[4207, 251, 37]
[4951]
[7720]
[8578]
[4950]
[1152]
[9447]
[6146, 295]
[697]
[7128]
[2971]
[4109]
[6075]
[4066]
[6738]
[4830]
[4067]
[470]
[12914]
[254]
[5190]
[10918]
[1372, 303, 255, 273]
[9496]
[9314]
[7482]
[7724]
[11289]
[2961]
[9489]
[4645]
[9171]
[718, 296, 37]
[6502]
[6746]
[9284]
[7643, 269]
[12633]
[6935]
[8893]
[8927]
[959]
[1057, 238, 255]
[10532]
[11561]
[5014]
[9070]
[706]
[8161]
[5625, 255, 298]
[7515]
[7345]
[6193]
[1543]
[12355]
[5056]
[1566]
[9022]
[6217]
[4538, 318, 308]
[8590]
[5516]
[4334]
[9574]
[9433]
[12023]
[4602]
[10036, 318]
[9031]
[1113, 318, 59, 277]
[6442]
[10082, 306]
[11560, 323]
[2470, 246, 271]
[5631]
[12609]
[11397]
[12945]
[448, 310, 318, 302, 255, 299, 269, 59, 273, 308]
[12141]
[489]
[1912]
[1884, 116, 252]
[9579]
[7806, 233]
[4878]
[5674]
[11469]
[5430]
[8704, 318, 302, 336]
[10743]
[1529]
[8535]
[8362]
[5577]
[8011]
[8177]
[8226]
[8336]
[7876]
[9087]
[5608]
[9327]
[12447, 320]
[9581]
[12959]
[8453]
[11488, 315, 319]
[4317]
[2533, 37]
[12593]
[918, 302]
[6920]
[3051]
[815]
[2965]
[588]
[1422]
[9036]
[3064, 239]
[11501, 238, 251]
[6849]
[1253]
[10392]
[568, 240, 32, 37, 154, 280]
[1061]
[11950]
[911]
[881]
[7785]
[2706, 116, 253]
[1695]
[5335]
[11921, 323]
[6492]
[4024]
[10363, 293, 318, 269, 273, 276, 60]
[5875]
[3887]
[5073, 227, 249, 32, 154]
[2909, 116, 233, 246, 253, 29, 154]
[961]
[253]
[12683]
[6529]
[2594]
[5611]
[8748]
[1454]
[5225]
[12714, 323]
[5506]
[6530]
[4428]
[12444, 332, 321]
[9469]
[9665]
[7788]
[12886]
[3757]
[4423]
[8363]
[12630]
[8583]
[10046]
[3616, 248]
[12681]
[4800]
[91, 320, 238, 318, 302, 315, 37, 269, 277]
[9434]
[10735]
[11924]
[195]
[5280]
[8806]
[12468, 323]
[1917, 227, 29, 32, 151]
[115]
[8227]
[12592]
[1106, 229]
[2398]
[9038]
[4983, 305, 60]
[653, 308]
[2282, 116, 29, 151]
[838]
[8584, 318, 269, 276, 279]
[11517]
[8048]
[5276]
[11394]
[9575]
[3331]
[852]
[12832, 336]
[6644]
[11555]
[1648]
[275]
[5025]
[11444]
[11984]
[2689]
[7267]
[1524]
[1343]
[12022]
[7821]
[10261]
[427, 227, 310, 318, 251, 37, 299, 154, 336, 316, 308]
[8145]
[1182]
[8510]
[5587]
[9280]
[9460]
[670, 318, 269]
[5941]
[3116]
[7792]
[1520]
[5239]
[199, 116, 154, 60]
[3180]
[876]
[8402]
[4510]
[3529]
[11453]
[4267, 318, 336, 273, 305, 276]
[6702]
[5678]
[12524]
[3899]
[8943]
[5140, 277]
[467]
[4836]
[3842]
[1136, 238]
[11286]
[9685]
[4880]
[1622]
[3479, 29]
[9034, 323]
[5583]
[857, 238, 269]
[5686]
[1281]
[3396]
[856, 238, 255]
[9113]
[1183]
[4210, 37, 269, 270]
[5537]
[384]
[12450]
[6378]
[5336]
[3475, 116]
[5428]
[3271]
[3172]
[5756, 227]
[8929]
[6663]
[4544]
[5285]
[8187]
[12209]
[8012]
[9114]
[5321]
[4508, 255, 273, 277]
[12402]
[10149, 297]
[8191]
[1333, 116, 233]
[2897]
[6636]
[1208]
[1905]
[4231]
[7894, 296, 318, 297, 302, 269, 59, 305, 277]
[11788, 302]
[3045]
[800, 240, 251, 29, 32, 280]
[1366]
[896, 229, 318, 299, 269, 270, 271]
[9666]
[10189]
[5477]
[7702]
[12810]
[2459]
[11496]
[2862]
[2169]
[4050, 227]
[10193]
[8400, 297]
[12635]
[190, 227]
[5555]
[685]
[8230, 336]
[11961]
[1191]
[3607]
[8313]
[8835]
[1014]
[12617]
[4260]
[10600]
[5923]
[9541]
[6140]
[960, 252, 37]
[9357]
[12783]
[10283]
[1740]
[2042]
[7233]
[518, 251, 316, 308]
[9997]
[11038]
[10462]
[7662]
[8477]
[2644]
[11420]
[12709, 323]
[2212]
[12822]
[12760, 323]
[475, 229, 234, 277]
[8836, 238, 318, 269, 273]
[9185]
[10166]
[2654, 116, 227, 233, 235, 240, 246, 252, 253, 29, 270]
[2655]
[471, 310, 238, 318, 315]
[12485]
[12483]
[9538]
[12342]
[12848]
[5507]
[8629]
[474, 229, 234, 295, 276, 277]
[10124, 302, 287, 273]
[6245]
[413, 314, 318, 255, 336, 269]
[3189]
[9177]
[1312]
[12909]
[5630]
[1331, 233, 252]
[6042]
[9120]
[9470]
[8344]
[3551]
[8921]
[11879, 315, 321]
[9471, 318, 302, 305]
[12339]
[5939]
[5597]
[12613]
[987]
[2502]
[119, 227, 314, 234, 251, 317, 311, 154, 319, 336, 327]
[12323]
[6532]
[8138, 295, 294, 276]
[680, 245]
[867]
[12711, 323]
[12881, 336]
[234, 229, 302, 295, 59]
[11583]
[8928]
[12584]
[2683]
[7641, 269]
[12491]
[9385]
[12669]
[302]
[8202]
[4029]
[8866]
[8203]
[584]
[12393]
[10146, 320, 311]
[11778, 336]
[5310]
[3889]
[1546]
[8722]
[7613]
[6687]
[7972]
[12470]
[13062, 336]
[8759]
[5566]
[1777]
[5357, 227]
[2747]
[840]
[8475, 318, 269]
[5697]
[9358]
[5146]
[10459]
[10161]
[5205]
[8808]
[496]
[453, 238, 277]
[4182]
[344, 238, 318, 251, 269, 273, 277]
[12429, 321]
[8404, 310, 318, 315, 323, 321, 276]
[11183]
[8869]
[11413]
[3578, 227]
[8991, 233, 238, 302, 251, 269, 277]
[4566, 318, 309]
[9423]
[2969]
[12942, 248, 270]
[967]
[1194]
[7361]
[8370]
[8601]
[411, 251]
[10174, 327]
[1290]
[8130]
[335]
[8922]
[8147]
[7598]
[10118]
[2256]
[4699]
[186]
[10409, 238, 318, 315, 269, 59, 277, 279]
[12816]
[1114]
[2854]
[6466]
[5311]
[3134]
[7778]
[7277]
[1397, 29]
[10187]
[892, 269]
[12637]
[7620]
[12618]
[6596]
[12652]
[799]
[8399]
[11072]
[142]
[6087]
[8110]
[1157]
[442, 238, 318, 297, 251, 255, 269, 277, 308]
[11467, 310]
[7532]
[7872]
[3589, 270]
[7389]
[8822, 336, 323, 327, 306]
[9115]
[11400]
[4856]
[4793, 253]
[8723]
[12838, 336]
[12672]
[6202]
[9472]
[5411]
[5824]
[2030, 116, 227, 246, 248, 252, 263, 154, 270]
[9088]
[206, 234, 238, 154, 266]
[4056]
[8923]
[1096]
[12383]
[10180, 297, 60]
[2072, 233, 252]
[5632]
[1637]
[2958]
[5825]
[5258]
[2392]
[3974]
[5143, 255, 295]
[8163]
[908]
[12424]
[10948]
[1292]
[8056]
[12786]
[12883]
[11275]
[6316]
[12461, 321]
[975, 318, 319, 321]
[4234]
[6143]
[2082, 116, 233, 235, 246, 249, 252, 270, 271]
[2264]
[12972]
[2476]
[646, 318, 302, 59]
[3030, 116, 240, 280]
[3948]
[397, 116, 248, 252, 29, 263, 271]
[3808]
[10917, 323]
[8847]
[3260]
[11725]
[1322, 271]
[11524]
[11958]
[12636]
[8261]
[11049]
[10329, 323]
[8534]
[8877, 233]
[10279, 303, 293, 336, 309]
[6526]
[1219, 233, 246, 270, 271]
[5013, 318, 299, 269]
[10662]
[12433]
[5349]
[12545]
[11419, 231, 248, 263, 271]
[7841]
[3036, 231]
[9523]
[1491]
[132, 227]
[4526, 154]
[7228]
[6607]
[9602]
[4954]
[5319]
[1600]
[13133]
[3949]
[1915, 233, 235, 29]
[9455]
[3556, 233]
[1808]
[6259]
[8243]
[5433]
[11418]
[271]
[1787]
[6296]
[4129]
[4074, 310, 318, 37]
[1283]
[8021]
[4501]
[7341]
[11544, 316]
[5304]
[1956]
[12804]
[12903]
[1180]
[8263]
[1654]
[12543]
[4128]
[826]
[11976]
[8647]
[410, 293, 234, 238, 318, 245, 251, 255, 276, 277]
[10169]
[2987]
[1056, 246, 248, 252, 37, 263, 271]
[1889]
[3809]
[8446]
[8904]
[1567]
[9490]
[3648, 240]
[3221, 248]
[2364, 233, 246, 248, 252, 219]
[5237, 116, 233, 246, 37, 154]
[4410, 37]
[9116]
[5491]
[2861]
[3431]
[12136]
[8228]
[12797]
[12428, 321]
[3478]
[5851, 235, 239, 302, 219]
[3628, 280]
[9265]
[12766]
[6749]
[4246]
[4045]
[8115]
[5527]
[7984, 318]
[2036, 233, 271]
[5181]
[11255]
[3400]
[2384]
[3446, 32, 280]
[789, 310, 320, 318, 334, 269, 323, 273, 305, 276, 279]
[6678]
[2304]
[1441]
[1362]
[2705, 246]
[5691]
[1307]
[469, 303, 273]
[10306]
[2056, 116, 233, 239, 240, 151, 270, 271]
[12303]
[11511]
[7553, 234, 238, 252, 298, 263, 154, 269]
[353]
[4759]
[803, 320, 302, 299, 298, 269, 323, 309, 276, 279]
[11539, 315, 323]
[7190, 297, 311, 319, 321]
[4430, 233, 296, 302]
[758, 303, 310, 320, 238, 318, 315, 334, 255, 37, 319, 269, 273, 60, 308]
[6150]
[3444, 280]
[12646]
[8827]
[9117]
[9542]
[9554, 297]
[8009]
[2362, 271]
[12874]
[8944]
[1596]
[8841]
[12494]
[3447, 258, 270, 323, 271]
[2626]
[6250]
[8490]
[5520]
[2674, 235]
[5504]
[9359]
[5460]
[9262]
[8365]
[3441]
[228]
[859]
[661, 238, 302, 251, 37, 305]
[9162]
[1244, 252, 270, 271]
[9328]
[9580, 318, 273]
[12390, 336]
[5890]
[12497]
[4327]
[3697, 29]
[6505]
[8235]
