[1011334, 269]
[1017100]
[1009144]
[1010699]
[1009146, 296, 253]
[1016823]
[1009148, 238, 302, 270, 273]
[1009149, 227]
[1010903, 227]
[1011266]
[1010354, 293, 233, 235, 240, 302, 253, 29, 263, 271, 280]
[1010846]
[1011297]
[1011031]
[1009150]
[1011198, 318]
[1011175]
[1011136, 229]
[1011176]
[1010870]
[1011194]
[1011170]
[1009240]
[1011120]
[1010836]
[1010755]
[1011214]
[1009497]
[1014990]
[1009435]
[1010370, 116, 296, 302, 29, 271]
[1011324]
[1011164]
[1011227, 318, 302, 273]
[1009567]
[1011382]
[1011361]
[1009151, 270]
[1010672]
[1010673]
[1010905]
[1009152, 116, 253, 29]
[1016824]
[1011396]
[1011338]
[1009153, 318, 302, 316, 306]
[1017574]
[1010674]
[1009346]
[1009154, 229]
[1011301]
[1010802, 318, 302, 319, 269, 309, 273, 277]
[1010801]
[1011208]
[1009156, 116, 227, 246, 248, 298, 154]
[1011253]
[1010866]
[1010773, 305]
[1017438]
[1009158, 227]
[1010686]
[1009159, 116, 227, 233, 240, 246, 248, 249, 252, 29, 32, 299, 298, 263, 154, 276, 277, 308, 280]
[1009160, 252, 263]
[1010784, 296, 318, 255, 269]
[1011275]
[1011012]
[1011298]
[1010827, 269]
[1009740, 238]
[1010748]
[1009161]
[1010718]
[1009162]
[1010835]
[1010336]
[1009163, 227, 296, 302, 29]
[1009164, 318, 246, 248, 32, 263, 270]
[1009165, 116, 314, 303, 233, 234, 310, 296, 238, 239, 318, 246, 302, 251, 252, 315, 253, 29, 317, 255, 37]
[1015239]
[1011766]
[1009168, 116, 227, 296, 240, 249, 251, 299, 154, 280]
[1009596, 227, 249, 32, 154, 269]
[1009169, 318]
[1009170, 251]
[1010906]
[1011137, 229]
[1011354]
[1009550]
[1009171, 154, 279]
[1009172]
[1009173]
[1009174]
[1009175, 116, 227, 303, 233, 310, 320, 296, 238, 318, 240, 245, 246, 248, 249, 302, 252, 315, 29, 255, 32]
[1010909]
[1010908]
[1009176]
[1009177]
[1009178]
[1009179, 116, 231]
[1009329]
[1009489]
[1011346]
[1010782, 255, 277]
[1010829, 318, 269, 273]
[1009180, 269, 294]
[1010325, 305]
[1009548]
[1011138, 271]
[1011296]
[1010843]
[1009181]
[1011262]
[1009182, 227, 238, 249, 251, 37, 299, 298, 154]
[1011224]
[1009183]
[1009184, 238, 315, 317, 295, 269, 323, 276, 277]
[1017330]
[1009185, 238, 255, 151, 270, 277]
[1010910]
[1010859]
[1009186, 116, 29]
[1009187, 238, 318, 248, 302, 251, 315, 317, 255, 311, 37, 154, 319, 266, 269, 305, 277]
[1011130]
[1010356]
[1010687, 59]
[1009188, 251]
[1009189, 116, 314, 310, 296, 302, 315, 317, 255, 154, 269, 270, 309]
[1017296]
[1010911]
[1017109]
[1009190]
[1010881]
[1011349]
[1009191, 238, 219]
[1009195, 229, 293]
[1010830]
[1011291]
[1009197, 227, 154, 308]
[1009198]
[1009199, 227, 246, 248, 251, 263, 270]
[1011132]
[1009200, 252, 263]
[1009201]
[1009202]
[1011416]
[1011073]
[1009203]
[1009204]
[1010850]
[1011113]
[1011339, 302, 319]
[1011264]
[1010688]
[1011119]
[1010366, 233, 240, 246, 32, 263, 280]
[1009205, 227, 249]
[1010371, 255]
[1009206]
[1011236, 302]
[1014981]
[1009208, 310, 277]
[1011090, 255]
[1009209]
[1014973]
[1009167]
[1009210]
[1009211]
[1011038]
[1010887]
[1009212, 238, 318, 255]
[1009213, 116]
[1011101]
[1009214, 227, 310, 238, 240, 249, 32, 37, 299, 298, 154, 279, 280]
[1017317]
[1017307]
[1011252]
[1017472]
[1011209]
[1009216, 246, 248, 251, 263, 154, 270]
[1009217, 227, 251, 263]
[1010912]
[1009218, 29]
[1011139, 229]
[1009219, 227, 303, 233, 240, 249, 32, 299, 154, 271, 279, 280]
[1011276]
[1009220, 116, 303, 231, 234, 310, 296, 238, 248, 302, 251, 252, 315, 253, 29, 317, 151, 37, 154, 269, 270]
[1010914, 251]
[1017295]
[1017327]
[1017575]
[1010913]
[1017105]
[1009223, 227, 310, 249, 251, 32, 154, 308]
[1010915]
[1011190]
[1011196]
[1010338, 116, 310, 238, 318, 240, 248, 302, 252, 315, 255, 311, 37, 269, 305, 277]
[1011096]
[1009224, 296, 37, 269, 270, 294]
[1011095, 270]
[1011097]
[1011355]
[1009225]
[1011027, 116, 293]
[1011052]
[1010143, 219]
[1009226]
[1011258, 305]
[1009688, 249]
[1009227, 151]
[1010916]
[1009261, 227, 315]
[1009344]
[1009478]
[1009230]
[1009536, 302]
[1010813, 233, 308]
[1011039]
[1011140]
[1009231, 316]
[1011141]
[1009232, 37, 271]
[1009233]
[1009234, 238]
[1010756]
[1011015]
[1009733, 318, 249, 269, 270, 316]
[1011331]
[1010754]
[1011359]
[1009237]
[1011411]
[1011187]
[1009238]
[1011270]
[1009239, 116, 253, 29]
[1014999]
[1010809, 269]
[1009241, 238, 318, 151, 305]
[1010823, 302, 255, 269, 277]
[1011286]
[1010676, 238, 277]
[1010798]
[1009243, 116, 227, 303, 233, 310, 238, 318, 240, 246, 248, 249, 302, 252, 29, 32, 37, 299, 263, 154, 270]
[1010917]
[1011410]
[1009245, 116, 318, 269, 273, 277]
[1011407]
[1010346]
[1009246]
[1009247]
[1011353, 294]
[1011362]
[1009249]
[1009250]
[1011272]
[1009251, 231]
[1017323]
[1011169]
[1009252, 302, 309]
[1009253]
[1009254]
[1014991]
[1009255, 246, 248, 154, 295, 276]
[1011268]
[1009244, 252, 270]
[1011174]
[1009256]
[1009257, 116, 227, 303, 233, 310, 238, 318, 240, 245, 246, 248, 249, 302, 252, 29, 317, 32, 299, 263, 154]
[1010918]
[1017473]
[1011385, 302, 308]
[1011050]
[1009258, 238, 318, 305]
[1010774]
[1010719, 318]
[1011001, 318]
[1011333, 59]
[1009259]
[1009453, 302, 251, 271]
[1010776]
[1009262, 116, 238, 248, 302, 252, 29, 37, 263, 269, 271, 59]
[1017292]
[1017312]
[1010919]
[1011306]
[1011367, 318, 273]
[1010907, 318, 308]
[1009265, 246]
[1011387, 318]
[1011020, 269]
[1009266, 37]
[1011016]
[1009267, 116, 233, 246, 248, 302, 252, 319, 271, 316, 279]
[1010920]
[1010341]
[1011087]
[1009268, 227, 320, 238, 318, 302, 251, 298, 319, 269, 309, 316, 308, 306]
[1017316]
[1017336]
[1017474]
[1009269, 227, 253, 29]
[1009270, 296, 37, 276]
[1011037, 293, 296, 239]
[1010890, 151, 319, 308]
[1014997]
[1009713]
[1010717, 277]
[1011188]
[1011023, 302, 253, 271, 309]
[1011071, 151]
[1009271, 227, 248, 263, 270]
[1009272]
[1011107]
[1017583]
[1017102]
[1011142, 229]
[1011260]
[1009273]
[1009274, 318, 29, 273]
[1011040]
[1010997]
[1009275]
[1009281, 116, 233, 318, 248, 251, 253, 154, 270, 271]
[1011103]
[1011206]
[1009276, 302, 270]
[1010921]
[1010689]
[1009282, 116, 310, 296, 238, 318, 302, 315, 253, 29, 317, 255, 311, 154, 269, 270, 271, 309, 219, 277]
[1011358]
[1011235, 302]
[1009277, 227, 303, 238, 318, 32, 298, 154, 279]
[1010330]
[1009278]
[1009279, 311]
[1010879]
[1011195]
[1009280, 318, 253]
[1014992]
[1017300]
[1010677, 302]
[1011247]
[1009283, 238, 252]
[1010735, 229, 235]
[1010368]
[1015007]
[1011322]
[1009284, 318, 154, 269]
[1009285]
[1009286]
[1010785, 255, 269]
[1010787, 151]
[1009396]
[1010999]
[1011072, 318, 302, 252, 255, 269, 273]
[1011060]
[1009287, 231, 269]
[1010922]
[1009288, 245, 302, 255, 311, 154, 269, 59, 305]
[1010923]
[1010355]
[1009290]
[1011082, 298]
[1011122]
[1010701]
[1009310, 227, 303, 310, 318, 245, 302, 317, 299, 270, 316, 308, 306, 279]
[1009291]
[1009292, 227]
[1010671]
[1011432]
[1011313]
[1010445]
[1011065]
[1009293]
[1010807, 233]
[1011061, 235]
[1010771, 234, 249, 251, 252, 154]
[1009294, 251]
[1009295, 227, 249, 308]
[1009296]
[1011199]
[1011317]
[1009248]
[1009297, 116, 238, 302, 29, 255, 154]
[1017110]
[1011143]
[1009298, 248]
[1009299, 116, 233, 234, 296, 238, 318, 240, 246, 248, 302, 287, 251, 252, 29, 255, 154, 269, 270, 271, 273]
[1011013]
[1011111]
[1009301, 308]
[1011233, 302]
[1009335, 116]
[1009302]
[1011213, 32]
[1009303]
[1010868, 233, 246]
[1009304]
[1014987]
[1009305, 229, 253, 271]
[1009306, 116, 302, 32, 151, 305]
[1011222]
[1010880]
[1010863]
[1010333]
[1009470, 302, 59]
[1009307]
[1009308]
[1009309, 116, 227, 240, 246, 249, 154, 280]
[1014993]
[1011177, 229, 252]
[1009229]
[1011356, 302]
[1009539, 240, 246, 154]
[1010980]
[1011240]
[1010799]
[1011389]
[1010670, 305]
[1009377]
[1009312, 229, 302, 253, 29, 255, 270, 271]
[1011384]
[1009313, 227, 303, 310, 318, 249, 302, 37, 299, 154, 308, 306, 279, 280]
[1011201]
[1010763, 229, 293, 235, 294]
[1017324]
[1010832, 302]
[1012513]
[1011380]
[1009383]
[1009315, 233, 246, 154]
[1009316, 318, 255, 269, 273, 277]
[1011248]
[1009556]
[1011285, 154]
[1009317, 310]
[1011098]
[1014974]
[1010749]
[1010925, 302, 59]
[1009318, 303, 238, 302, 59, 219, 277]
[1017329]
[1011221]
[1009320, 310, 302, 309]
[1010720]
[1010926]
[1011055, 32]
[1014982]
[1009321, 37, 295, 294]
[1011256]
[1009645]
[1011144, 229]
[1009322, 252]
[1011374]
[1010927, 238]
[1009324, 116, 318, 245, 276]
[1010731, 318]
[1011076]
[1010702, 318, 302, 269, 305]
[1011041]
[1014985]
[1010928, 252]
[1010929]
[1009326]
[1011420, 302]
[1011292]
[1009328, 296]
[1010743, 293]
[1009330, 29]
[1011299, 293, 315, 319, 295, 269, 294, 276]
[1009331]
[1010709]
[1009207, 238, 255, 269]
[1009619]
[1014994]
[1011400, 318]
[1009332]
[1011391]
[1009333]
[1009334]
[1014995]
[1011490, 238, 318, 302, 255, 154, 269, 273]
[1011091]
[1009348]
[1010821, 318, 302, 255, 269, 277]
[1011185]
[1009336, 252, 263]
[1011069]
[1009339]
[1009486, 116, 318, 252, 270]
[1011218]
[1010816]
[1009337, 116, 227, 303, 233, 240, 246, 248, 249, 252, 29, 299, 154, 276, 280]
[1009338, 314, 231, 234, 310, 296, 239, 318, 246, 302, 251, 315, 37, 154, 270, 309, 273, 305]
[1010808, 238, 318, 273]
[1017311]
[1011131]
[1017108]
[1011046]
[1010351, 116]
[1009340]
[1014996]
[1010678, 251]
[1011044]
[1009341]
[1011371, 255, 277]
[1009342, 37, 271]
[1009343, 310, 296, 318, 302, 253, 29, 37, 271, 273, 305, 277]
[1010759, 238, 302, 277]
[1011274]
[1011300, 293, 246]
[1010839]
[1010703, 212]
[1009345]
[1011383]
[1010930, 252]
[1010931]
[1009347, 116, 305]
[1009349, 227, 154]
[1009350]
[1011428, 310, 302, 298, 308, 306, 279]
[1009557]
[1010373, 302]
[1009351, 116, 303, 296, 318, 297, 248, 302, 251, 315, 253, 29, 317, 255, 311, 37, 154, 212, 295, 269, 270]
[1017098]
[1017333]
[1011118]
[1017303]
[1011005]
[1010721]
[1017107]
[1009355, 238, 318, 273]
[1010343]
[1011415]
[1010722, 318, 255]
[1009356, 116, 233, 296, 238, 318, 240, 248, 251, 252, 253, 29, 255, 37, 154, 270, 271, 277]
[1010932]
[1011102]
[1010675, 277]
[1009357, 227, 154]
[1009358, 37]
[1009359, 234, 318]
[1009360, 116]
[1009361]
[1011246]
[1009362, 116, 227, 303, 233, 310, 238, 318, 240, 246, 248, 249, 302, 252, 32, 299, 263, 154, 277, 316, 308]
[1010933]
[1017475]
[1011077]
[1010758, 269]
[1009529]
[1011273]
[1011089]
[1009363, 295]
[1009364]
[1011063]
[1011064]
[1011146]
[1009365, 238, 295, 323]
[1011293]
[1011024]
[1009366, 116, 303, 233, 296, 238, 318, 240, 251, 252, 29, 255, 37, 154, 270, 271, 309, 305, 277]
[1017301]
[1010934]
[1011379]
[1011318]
[1009367, 310, 238, 302, 29, 255, 311, 151, 269, 271, 59, 309, 305]
[1010888]
[1011413]
[1016839]
[1011412]
[1010704]
[1009368, 116, 303, 231, 233, 234, 310, 296, 238, 239, 318, 245, 249, 302, 251, 315, 29, 317, 255, 37, 154]
[1017320]
[1017294]
[1017310]
[1017326]
[1010935]
[1017104]
[1009371]
[1009487]
[1009538, 310, 302, 315, 269, 309]
[1010844]
[1009372, 233, 238, 318, 251, 252, 255, 154, 270, 271, 305]
[1010736]
[1010786]
[1010766, 238]
[1011251]
[1011288, 305]
[1011259]
[1010775]
[1010777]
[1011343, 251, 308]
[1010329]
[1010878]
[1009597]
[1011344]
[1009327, 227, 233, 310, 240, 246, 249, 317, 32, 299, 154, 271, 316, 308]
[1009496]
[1010946]
[1009604]
[1011404]
[1010667]
[1009378, 318, 255, 269, 273, 305]
[1009373]
[1009374]
[1011105, 318, 302]
[1009375]
[1009376, 310, 318, 302, 269, 309, 273]
[1011171]
[1010812]
[1009500]
[1009721]
[1009196]
[1009630]
[1009380, 154]
[1010938]
[1010937]
[1011033]
[1009381, 116, 227, 303, 233, 240, 249, 299, 154, 280]
[1010936]
[1009382, 116, 227, 310, 302, 251, 252, 29, 299, 154, 309]
[1010772]
[1010679]
[1011314]
[1010760, 318, 302, 255, 309, 273, 277]
[1011310]
[1011081, 269]
[1011193]
[1009384, 239, 252]
[1014983]
[1011357]
[1011386, 302]
[1009385, 116, 294, 276]
[1010752]
[1010783, 255]
[1010810]
[1011250]
[1011319]
[1009386]
[1010893]
[1011397]
[1011289]
[1011116]
[1009388]
[1010842]
[1009389, 116, 238, 270, 59, 305]
[1011308]
[1009508, 227, 310, 245, 249, 302, 251, 317, 154, 270, 271, 316, 308, 306]
[1017476]
[1009390, 318, 270]
[1010818, 318, 255, 269, 277]
[1011147, 229]
[1011080, 296, 212]
[1011312]
[1009391, 258]
[1011148, 269]
[1015017]
[1011178]
[1011029]
[1011058]
[1009392]
[1011327]
[1009393, 37, 308]
[1011014]
[1014977]
[1014976]
[1009394]
[1009395]
[1009397]
[1011100, 299, 269, 308]
[1009398, 297]
[1011092, 233, 246]
[1009399, 116, 227, 303, 32, 271]
[1011403]
[1009166]
[1011186]
[1010340]
[1011375]
[1014988]
[1011421]
[1010977]
[1009401]
[1011408]
[1010450, 310, 309]
[1009236]
[1009402, 116, 249, 37, 271, 276]
[1011074]
[1011257, 318]
[1010337]
[1010854]
[1011036]
[1011059]
[1009403, 252, 151]
[1009404, 252, 270]
[1010939]
[1011414, 302]
[1009405, 249, 263, 154, 270]
[1009406]
[1010363]
[1009407, 116, 233, 318, 302, 271, 309, 273]
[1017299]
[1010768]
[1009408, 233, 240, 246, 248, 252]
[1010940]
[1011145, 229]
[1014980]
[1011283]
[1009260]
[1009409]
[1011405]
[1010751]
[1009215, 314, 310, 296, 238, 318, 302, 269, 271, 273, 305]
[1011200]
[1010896]
[1011068]
[1011004]
[1011320]
[1010726, 297]
[1017321]
[1009418]
[1009314]
[1010851, 302]
[1010805]
[1009411]
[1009412]
[1010352, 318, 269, 273]
[1010796]
[1010724]
[1009509, 227, 246, 252, 270]
[1011205]
[1009413, 299, 308]
[1011053]
[1011328]
[1010867, 239]
[1009414]
[1010942, 302, 251]
[1009415, 227, 310, 302, 317, 316, 279]
[1011135]
[1009416, 227, 302, 263, 308]
[1009417, 116, 227, 303, 233, 310, 238, 249, 302, 251, 311, 299, 263, 154, 270, 271, 309, 316, 308, 306]
[1010944, 227, 303]
[1010945, 251]
[1010943]
[1017477]
[1010904, 29, 294]
[1011364]
[1011085]
[1010725]
[1009242]
[1011229]
[1009420, 302, 253, 219]
[1010811]
[1009421, 116]
[1011243, 273]
[1009422]
[1009423, 276]
[1011026, 293, 239, 246]
[1009424, 252]
[1015018]
[1011335, 238, 318, 315, 255, 269, 316]
[1009735, 227]
[1009425, 227]
[1011173]
[1011263]
[1011350]
[1009427, 116, 318, 32, 273]
[1011002]
[1011417]
[1009708, 116, 238, 252, 258, 151, 154, 266, 305]
[1010993]
[1011203]
[1010869]
[1010367, 239, 263, 270]
[1010732]
[1009433]
[1009434]
[1011279]
[1010877]
[1009677]
[1009463]
[1010793]
[1009436]
[1010947]
[1009437]
[1011305, 295, 276]
[1009490, 318, 252, 151, 305]
[1009438, 238, 295, 323, 294, 276]
[1011399, 251]
[1009439, 154]
[1011241, 318]
[1011099]
[1011184, 276]
[1009440, 253, 271, 309]
[1009441]
[1010681, 302, 299]
[1009442]
[1009443]
[1010361]
[1011340]
[1009444]
[1010690]
[1011134]
[1010871]
[1010891]
[1010924, 212]
[1009530]
[1011192]
[1010894]
[1009445, 318, 251]
[1011204]
[1013727]
[1011424]
[1009446]
[1009447, 227, 252, 299, 154, 308]
[1017318]
[1010948]
[1011254]
[1010682, 238, 302, 59, 305, 277]
[1011220, 318, 246, 302, 273]
[1009410, 227, 303]
[1010941]
[1009448, 116, 246]
[1009449, 255]
[1011019, 271]
[1010691, 238, 316]
[1009541]
[1011370, 238]
[1010876]
[1009450]
[1010331]
[1009452, 314, 238, 246, 255]
[1010949]
[1014998]
[1009451, 229, 293, 235]
[1010362, 318, 302, 37, 273]
[1009454, 116, 151, 219]
[1010902]
[1009455]
[1009623]
[1011008]
[1011088, 266]
[1009456, 227]
[1009457]
[1009458]
[1009459, 116, 296, 238, 318, 240, 249, 251, 315, 253, 317, 255, 37, 154, 266, 269, 270, 271, 309, 305, 277]
[1010950]
[1010900]
[1009460]
[1010347, 116]
[1010840]
[1014984]
[1011244, 305]
[1009461]
[1009462]
[1017577]
[1011372]
[1011210]
[1011056, 296, 32]
[1010826, 269]
[1009464, 252]
[1010951]
[1010952]
[1009465, 227, 318, 251, 32, 299, 263, 154, 308]
[1010953]
[1010954, 251]
[1011129]
[1009466, 310, 238, 318, 302, 315, 317, 311, 269, 271, 309, 308, 306]
[1009468, 318, 277]
[1009469, 116, 233, 29, 32, 37, 294]
[1014978]
[1009547]
[1010365, 229, 253, 271]
[1011302]
[1011422]
[1011086, 306]
[1010831]
[1010815]
[1011336, 116, 303, 233, 240, 246, 248, 302, 252, 32, 263, 270, 271, 273, 308, 279, 280]
[1010683, 238, 255, 32, 269]
[1011271]
[1011269]
[1011303]
[1010685]
[1009471, 116, 318, 245, 249, 302, 37, 319, 269, 309, 273]
[1017298]
[1011007]
[1010746]
[1010706]
[1011282]
[1010684, 116, 255, 32]
[1009472, 227, 320, 318, 246, 248, 249, 29, 37, 299, 263, 154, 270, 271, 277, 308, 279]
[1011337]
[1010349, 302]
[1009473, 253]
[1011124]
[1011409]
[1010797, 238]
[1009474, 251]
[1009475]
[1011427]
[1010955]
[1009325, 318, 251, 255, 269, 273]
[1010063]
[1009476, 227, 296, 302, 29, 306, 279]
[1009477, 116, 229, 293, 253, 29, 255, 32, 37, 269, 294, 276]
[1010956]
[1017078]
[1016837]
[1010707]
[1009620]
[1009480, 235, 302, 37, 154, 309]
[1009481]
[1010882]
[1010757, 255]
[1009482, 318]
[1011329]
[1011123]
[1009483, 154]
[1011255]
[1009484]
[1011202]
[1009485]
[1010957, 252]
[1009479]
[1011228]
[1010332]
[1011028]
[1009488, 154]
[1011150]
[1010873, 302, 305]
[1010708]
[1011321]
[1010357]
[1009492, 238, 318]
[1011351]
[1009493, 116, 246, 302, 255, 32, 273]
[1009494, 318, 302]
[1009495, 248]
[1011388]
[1010779]
[1009491, 116, 252, 154, 270]
[1010734, 229]
[1011021]
[1011419]
[1011369]
[1011045]
[1010741]
[1010886]
[1010762, 235]
[1011179, 303, 318, 302, 279]
[1009498]
[1009499, 227, 233, 249, 251, 29, 32, 154, 276]
[1009501, 154]
[1016840]
[1010770, 233]
[1011151, 229]
[1011152, 229]
[1009502]
[1011104]
[1014989]
[1011234, 302]
[1010750]
[1009503, 252]
[1011030, 318, 302, 299]
[1011153]
[1011378]
[1009504, 227, 303, 238, 318, 246, 249, 252, 29, 37, 299, 154, 269, 270, 271, 277, 306]
[1010958]
[1009505, 32]
[1010960]
[1010959]
[1009506]
[1009507, 238, 299]
[1010961]
[1009511]
[1009512, 116, 227, 233, 318, 240, 246, 248, 249, 302, 251, 252, 29, 37, 299, 263, 154, 316, 308, 306, 279]
[1009510]
[1009513, 302, 29]
[1010962]
[1010865]
[1011165]
[1009514, 238, 271]
[1009515, 116, 233, 238, 318, 37, 154, 280]
[1009517]
[1017306]
[1009519, 29]
[1011207, 246, 302]
[1009520, 302]
[1009522, 246, 248, 32, 263, 270]
[1009523, 116, 293, 233, 253, 29, 37, 270]
[1010778, 229, 295, 269, 294, 276]
[1010334]
[1011191]
[1009387, 310]
[1009524, 227, 310, 318, 249, 302, 251, 154, 309, 273]
[1010964, 227]
[1010963]
[1009430, 310, 245, 248, 251, 276, 316]
[1009526]
[1011280]
[1010817, 318, 255, 273, 277]
[1009527]
[1009528]
[1011326]
[1010767]
[1010838]
[1011154, 229]
[1010892]
[1009531, 37, 271]
[1009532]
[1009533]
[1015000]
[1011249]
[1009534]
[1011238]
[1011360, 310, 297, 302]
[1017099]
[1011436, 296, 297, 302]
[1011155, 229]
[1009535, 116, 238, 255, 154]
[1010965]
[1010837]
[1011390]
[1011376, 310, 302, 309]
[1011189]
[1011330]
[1009537, 116, 238]
[1009702]
[1011401]
[1009379, 296, 255]
[1015006]
[1011348]
[1009542, 227, 233, 246, 249, 280]
[1009543, 252, 263]
[1009544, 154]
[1009545, 270]
[1010792]
[1009235]
[1010744, 293, 311, 294]
[1017314]
[1010769]
[1010692, 302, 299]
[1009546, 116, 227, 303, 233, 238, 318, 246, 248, 249, 302, 251, 252, 29, 37, 299, 263, 154, 270, 271, 277]
[1010967, 227]
[1017319]
[1010966]
[1017478]
[1010781]
[1011398]
[1010344, 229, 293, 294, 276]
[1011117]
[1009549]
[1009595]
[1009311]
[1010747, 238]
[1009551]
[1009552, 238]
[1009553]
[1009554, 227, 252, 299, 263, 154, 308]
[1010969, 227, 251]
[1010970, 251]
[1010968]
[1009555]
[1011325]
[1011126, 277]
[1011156, 229]
[1009558]
[1010711]
[1009559]
[1009560, 302, 29, 269]
[1011035]
[1009561]
[1011048, 252]
[1010861]
[1011197]
[1011426]
[1009562, 116, 227, 234, 310, 318, 251, 315, 253, 29, 37, 154, 270, 273, 219]
[1010972]
[1017308]
[1010971]
[1010790, 277]
[1011079]
[1009565]
[1011230, 252]
[1009566]
[1011242]
[1009581, 116, 310, 318, 308]
[1011368, 318, 287]
[1009568, 263]
[1009569]
[1009570, 251, 299, 154, 306, 279]
[1011323, 240, 251, 154, 306]
[1009571, 296, 238, 318, 255, 269, 273, 277]
[1011167]
[1009572, 116, 231, 302]
[1010345, 302]
[1009573, 116, 32]
[1010973]
[1009574]
[1010975]
[1010974]
[1011406]
[1009575, 253]
[1009576, 302, 29]
[1014979]
[1009577, 302, 315, 309, 305, 277]
[1015001]
[1009578, 269]
[1010712]
[1009579, 154]
[1009228, 255, 309]
[1010895]
[1009580, 227, 238, 249, 32, 154]
[1017111]
[1009583, 116, 314, 233, 238, 318, 297, 302, 253, 29, 37, 269, 270, 271, 277, 280]
[1011392, 318, 297, 302]
[1017331]
[1011393]
[1015035]
[1011168]
[1011093, 276]
[1011381]
[1009582]
[1009584]
[1011394]
[1009585, 116, 238, 255, 305]
[1010858]
[1010824]
[1009586]
[1009587, 151]
[1009588, 235, 253, 37]
[1010848, 32]
[1010856]
[1010339]
[1009589]
[1009590]
[1009591]
[1010976]
[1009592, 116, 229, 235, 296, 302, 252, 253, 29, 255, 37, 212, 271, 309, 294]
[1010864]
[1009594]
[1010898, 302, 255, 309]
[1011265, 302]
[1014975]
[1010834]
[1010745]
[1011223, 297]
[1017101]
[1009598, 227]
[1011157, 229]
[1009599, 318, 315, 269, 271]
[1015002]
[1009600]
[1011057, 318, 273, 277]
[1011070]
[1009601]
[1010761]
[1009602]
[1010874]
[1009603, 276]
[1010845]
[1009606, 296, 302]
[1010855]
[1010693, 302, 255]
[1011373]
[1009607]
[1010705]
[1010833, 318]
[1011032]
[1010694]
[1009605]
[1011366]
[1010727]
[1009157, 317, 305]
[1009609, 302]
[1011347]
[1009610, 116, 314, 233, 234, 310, 296, 238, 318, 240, 245, 246, 302, 251, 252, 253, 255, 258, 151, 37, 154]
[1011054]
[1014873]
[1016452]
[1014858, 154]
[1012200]
[1017332]
[1011114]
[1017305]
[1016181]
[1012295]
[1011377]
[1011010]
[1010795, 255]
[1009608, 310, 238, 318, 302, 315, 317, 255, 269, 270, 273, 305]
[1010794]
[1009614, 116, 246, 248, 263]
[1011158]
[1010899]
[1009616]
[1011180]
[1009617]
[1014905]
[1010814]
[1010860, 302]
[1009618]
[1015003]
[1011307]
[1010733, 293, 311, 294]
[1009621, 276]
[1010764, 229]
[1011084, 270]
[1011341]
[1011078]
[1009622]
[1010828, 238, 318, 273]
[1010889]
[1011159]
[1009625, 296, 318, 317, 316]
[1009615]
[1010901, 269]
[1010326, 273]
[1009626, 154]
[1009627]
[1009628, 231]
[1010327]
[1009629, 116, 227, 303, 233, 310, 238, 240, 245, 246, 248, 249, 251, 252, 29, 255, 37, 299, 263, 154, 269]
[1010979, 227]
[1017309]
[1010978]
[1011062]
[1011051, 308]
[1009632, 298]
[1011225]
[1010791, 116, 303, 233, 310, 238, 318, 302, 251, 253, 255, 37, 269, 309, 276, 308, 306]
[1009631]
[1011212]
[1009635]
[1009636, 227, 314, 249, 37, 270, 308]
[1010981, 227]
[1009637]
[1009638, 227, 233, 318, 240, 249, 302, 263, 154, 271, 308, 280]
[1015280]
[1011022]
[1009639, 229, 293, 269]
[1011232]
[1011160]
[1010695, 299]
[1011172]
[1011075]
[1011017]
[1009640]
[1009641, 296, 245, 255]
[1010982, 296]
[1009642]
[1009643, 227]
[1009644]
[1011042]
[1009646, 29]
[1010753]
[1011395]
[1011161, 229]
[1011149, 229]
[1010713, 238, 277]
[1009647]
[1009648, 318, 302, 269, 309, 273]
[1011115]
[1011000]
[1009650]
[1011162, 229]
[1009651]
[1011034]
[1010819]
[1011003]
[1009652, 229, 235, 253, 29, 319, 271, 294]
[1015004]
[1011083]
[1009653]
[1009654]
[1010714]
[1011294]
[1010728]
[1009655]
[1011219]
[1010359, 318, 255, 269]
[1010715, 318, 269, 273]
[1011295]
[1014986]
[1010998, 255, 277]
[1017103]
[1011216]
[1011215]
[1011018, 255]
[1009656]
[1009657]
[1011211, 227]
[1011110]
[1009658]
[1009659]
[1009660]
[1011112]
[1009661, 253]
[1011181]
[1009662, 116, 233, 310, 296, 238, 240, 248, 249, 302, 251, 252, 253, 255, 37, 154, 269, 270, 309, 305, 277]
[1017313]
[1010983]
[1009664, 116, 233, 234, 310, 235, 296, 238, 318, 246, 302, 252, 315, 253, 29, 37, 263, 154, 269, 270, 271]
[1017576]
[1017106]
[1017315]
[1017328]
[1017302]
[1011025]
[1010820, 318, 302, 269, 277]
[1010885]
[1009666, 296, 37]
[1009667, 37]
[1009668]
[1014812]
[1010360, 238, 318, 302, 255, 37, 269, 59, 273]
[1011304, 318, 297]
[1009669, 116]
[1011237, 302]
[1009670, 310, 238, 318, 246, 302, 255, 37, 269, 270, 309, 273, 277]
[1010857]
[1011345, 318]
[1010669, 302]
[1009672, 231]
[1009673, 32]
[1009674]
[1011166]
[1009675]
[1010328]
[1009624, 238, 266]
[1011309, 251]
[1009676]
[1009692, 151, 305]
[1010822, 318, 255, 269, 277]
[1010825, 277]
[1009671]
[1010335, 276]
[1011352]
[1011047]
[1009678]
[1010852]
[1009679]
[1010369, 318, 59]
[1009680]
[1011315]
[1009681]
[1009682, 318, 273]
[1009683, 29]
[1010358]
[1016825]
[1010803]
[1009684]
[1011311]
[1011125]
[1010847]
[1009685, 116, 314, 293, 255, 270, 273]
[1009686]
[1010862]
[1010985]
[1010696]
[1010984]
[1009687, 227]
[1010987]
[1010988]
[1010986]
[1009525]
[1010350, 235]
[1011239]
[1011182]
[1011342]
[1010989]
[1011365, 298]
[1009689]
[1011316]
[1009690]
[1010872]
[1011231]
[1009691, 219]
[1009663, 305]
[1010788, 296, 238, 318, 255, 305]
[1011128]
[1011106, 296, 318]
[1009693]
[1010353, 258]
[1009694, 252, 263]
[1011066]
[1010324]
[1011261]
[1009695, 302]
[1010666]
[1009696, 318]
[1010697]
[1009697, 116, 314, 310, 296, 238, 318, 253, 29, 37, 154, 270, 273, 294]
[1009698]
[1011011, 276]
[1009699]
[1010990]
[1010849]
[1011267]
[1009700]
[1009701, 227, 248]
[1017322]
[1017304]
[1010991]
[1011226]
[1009703, 310, 238]
[1011121]
[1010372]
[1009704]
[1011287, 302, 308]
[1009705, 227, 249, 32, 298, 154]
[1010668]
[1009706, 37]
[1009707, 234, 238, 239, 318, 302, 315, 29, 255, 37, 154, 269, 270, 271]
[1010992]
[1011133, 318]
[1009709, 227]
[1011402]
[1010742]
[1009710]
[1010765]
[1009711]
[1010348]
[1010342]
[1009712]
[1010853, 310, 59, 309]
[1016838]
[1011425]
[1009714, 238, 318, 273, 316]
[1009715, 227]
[1010994, 227]
[1011067]
[1009716]
[1009633]
[1010680]
[1011009, 255]
[1010740, 296, 238, 318, 302, 255, 309, 273, 305, 60]
[1011043]
[1011290]
[1011281]
[1009717, 233, 299, 154, 271, 308]
[1010995]
[1010729]
[1009718, 116, 227, 314, 303, 233, 310, 296, 238, 318, 240, 245, 246, 248, 249, 302, 251, 252, 315, 253, 29]
[1017297]
[1017325]
[1011006]
[1017479]
[1009719, 231, 246, 315, 29, 255, 37, 269]
[1009720, 116, 253, 29, 219]
[1015005]
[1010737, 293, 305]
[1010884]
[1010883]
[1009722, 310, 302, 299, 298, 316]
[1010804]
[1011418]
[1009723]
[1010738, 233, 240, 246, 249, 252, 32, 299, 263, 308]
[1010739]
[1009724, 227, 249, 302, 299, 298, 154, 308, 279]
[1009725, 227, 302, 37, 154, 308]
[1009726, 116, 227, 314, 303, 233, 310, 320, 296, 238, 318, 240, 245, 246, 248, 249, 302, 251, 252, 29, 317]
[1011109]
[1010875]
[1010806]
[1009732]
[1011094]
[1009734]
[1009736]
[1010996, 296]
[1010698, 238, 318, 273]
[1011277]
[1009738, 246]
[1010841]
[1010716]
[1011163]
[1009739]
[1010780]
[1011127]
[1009741]
[1011183]
[1009742]
