[21478]
[22253]
[21466]
[25321]
[59539]
[1749]
[4990]
[16234]
[16243]
[428]
[27238]
[59527]
[37529]
[37505]
[1994]
[1003]
[59543]
[16236]
[15094]
[59557]
[428]
[21474]
[38020]
[21462]
[1158]
[21471]
[4990]
[183]
[37534]
[16236]
[59539]
[1886]
[21483]
[3627]
[59527]
[16229]
[37502]
[16245]
[25582]
[1308]
[21464]
[59543]
[22098]
[21473]
[14534]
[59557]
[16244]
[59739]
[1590]
[38008]
[21485]
[25321]
[60017]
[37302]
[16237]
[37504]
[27649]
[59559]
[331]
[1749]
[16233]
[2088]
[21477]
[21465]
[25320]
[58726]
[384]
[37529]
[59927]
[37505]
[16242]
[376]
[25856]
[59525]
[21486]
[17486]
[37497]
[1332]
[15808]
[16235]
[25320]
[38020]
[38041]
[37534]
[16242]
[376]
[25856]
[59533]
[10511]
[21486]
[17486]
[1332]
[16235]
[37502]
[21479]
[59558]
[21467]
[60015]
[20956]
[16244]
[59548]
[23561]
[38008]
[37302]
[16237]
[37504]
[27649]
[21481]
[2088]
[21469]
[23889]
[59560]
[16230]
[16246]
[21474]
[21462]
[58586]
[16670]
[331]
[59181]
[59524]
[37530]
[16239]
[37507]
[15808]
[61137]
[59551]
[21483]
[1689]
[21471]
[50675]
[26620]
[16232]
[25582]
[37499]
[16248]
[28370]
[21476]
[21464]
[6181]
[43092]
[58697]
[41530]
[47409]
[64622]
[61540]
[64518]
[64438, 336]
[60438]
[60610, 336]
[60819]
[64545]
[64520]
[62143]
[64431]
[61297]
[64527]
[62182]
[56939]
[61669]
[64550]
[61540]
[64518]
[64438, 336]
[64406]
[64457]
[64449]
[59325]
[64383]
[64401]
[60590]
[60436]
[64389]
[64396]
[57200]
[61285]
[64408]
[64380]
[64450]
[64417]
[64450]
[64417]
[64400]
[62258]
[64279]
[64292]
[64288]
[64294]
[64277]
[64285]
[64283]
[64293]
[64246]
[64257]
[64270]
[64274]
[64259]
[64269]
[64242]
[64265]
[62135]
[64257]
[64246]
[64270]
[64205]
[64221]
[57834]
[64215]
[62154]
[64209]
[63958]
[63982, 336]
[64212]
[56392]
[61520]
[61127]
[61359]
[64207]
[64214]
[64281]
[64149]
[64142]
[64144]
[64164]
[64286, 336]
[61539]
[64148]
[60609, 336]
[61668]
[64291]
[64160]
[62215]
[64140]
[64156]
[63950, 336]
[64138]
[62120]
[63956]
[64289, 336]
[63994]
[63956]
[64146]
[64166]
[63994]
[63984]
[63981]
[64282]
[61519]
[63967]
[64128]
[62122]
[63990]
[64287]
[63997]
[61762]
[63963]
[63973]
[64276]
[60451]
[60729]
[64276]
[60451]
[57216]
[58972]
[63860, 336]
[63853]
[61028]
[60588]
[60973, 336]
[63851]
[62132]
[60174]
[61358]
[63855]
[63849]
[62235]
[56391]
[63833]
[61730, 336]
[63861]
[61016]
[63863]
[63831]
[62119]
[62243]
[60171]
[60851]
[63844]
[63845]
[63858]
[62204]
[63864, 336]
[60783]
[63753]
[63763]
[59952]
[61283]
[63702]
[60570]
[59377]
[63817, 336]
[51842]
[60047]
[60728]
[63350]
[63385, 336]
[61075]
[61451, 336]
[63378]
[61608]
[61761]
[60587]
[61381, 336]
[64666]
[60816]
[63719]
[61517]
[62176]
[63825]
[59653]
[63719]
[61517]
[62176]
[63825]
[59653]
[63387]
[63379]
[63780]
[63829]
[63210]
[63141]
[63228]
[62231]
[63259]
[63230]
[63267]
[57237]
[63223, 336]
[61125]
[60718]
[57158]
[63225]
[60537, 336]
[60652]
[63121]
[61473]
[62080]
[63125, 336]
[61067]
[61555]
[62146]
[60558]
[61431]
[61303]
[60850]
[61485]
[63141]
[63228]
[62231]
[63259]
[63230]
[57237]
[63267]
[63209]
[62227]
[56390]
[63069]
[60972, 336]
[63109]
[63183]
[63096]
[63176]
[63127, 336]
[63102]
[55669]
[63085]
[59349]
[63184]
[60727]
[63268]
[57987]
[60955, 336]
[62152]
[63099, 336]
[61729, 336]
[61015]
[63111]
[63048]
[60586]
[62201]
[63188]
[63204, 336]
[58971]
[62793]
[60175]
[63097]
[60782]
[63108]
[61516]
[62105]
[63071]
[62959, 336]
[61027]
[62963]
[63205]
[62998]
[63269]
[61087]
[62996]
[61704]
[62101]
[60944, 336]
[62923]
[61357]
[58659]
[63206]
[60511]
[60684]
[60457]
[60745]
[60815]
[63191]
[62255]
[60606]
[61101, 336]
[61537]
[63114]
[63055]
[62116]
[63200]
[60440]
[62932]
[61620]
[59641]
[63070]
[63196]
[63309]
[61264]
[64364]
[60585]
[61264]
[64364]
[60585]
[61666]
[63169]
[58442]
[59652]
[55730]
[60536]
[63166]
[61515]
[60050]
[63422]
[61638]
[61450]
[61607]
[60475]
[61380]
[60428]
[63033]
[63169]
[58442]
[63129]
[59652]
[55730]
[60536]
[63166]
[61515]
[60050]
[63082]
[62163]
[61066]
[60369]
[61654]
[60971, 336]
[62246]
[61703]
[62817]
[59348]
[62854]
[60464]
[62163]
[61066]
[60369]
[60971, 336]
[61654]
[62246]
[61703]
[60943, 336]
[62817]
[59348]
[62854]
[62214]
[62826]
[61529]
[62264]
[60605, 336]
[60683]
[62079]
[62836, 336]
[60744]
[63081]
[61554]
[62848]
[60180]
[62828]
[63617]
[62843]
[60849]
[61484]
[56945]
[62140]
[62825]
[62855]
[61472]
[62242]
[60717]
[61430]
[64238]
[62134]
[62828]
[63617]
[60849]
[61484]
[62843]
[56945]
[62140]
[62825]
[63080]
[63876]
[62857]
[62835, 336]
[64227]
[62832]
[60584]
[61086]
[62833]
[57226]
[62824]
[62820]
[62829]
[62862]
[62857]
[62842]
[62835, 336]
[64227]
[62832]
[60584]
[62833]
[57226]
[62820]
[62824]
[61579]
[61086]
[60835]
[63079]
[55668]
[62813]
[61665]
[61379]
[62813]
[61665]
[61379]
[62853]
[63031]
[61356]
[62823]
[62859]
[61100]
[62838, 336]
[62815]
[62179]
[60510]
[60604]
[60682]
[60743]
[61619]
[62844]
[62847]
[61026]
[61100]
[60552]
[60535]
[63078]
[61449]
[61606]
[61759]
[62194]
[60045]
[62841]
[60154]
[61513]
[60781]
[63296, 336]
[63605]
[62127]
[61065]
[61281]
[59640]
[61565]
[62177]
[61263]
[62849]
[62822]
[60484]
[62841]
[63431]
[60547]
[62131]
[60313]
[61637]
[61449]
[61606]
[61759]
[63077]
[63066]
[62727]
[61702]
[60572]
[61535]
[61483]
[61429]
[62726]
[62065]
[60742]
[58970]
[60161]
[59347]
[62728]
[61553]
[56937]
[61653]
[55376]
[60496]
[60929]
[62708]
[60550]
[51648]
[61013]
[60716]
[61503]
[62718]
[59538]
[62723]
[61041]
[62720]
[62711]
[63911]
[63076]
[60901]
[62990]
[60953, 336]
[63553]
[60848]
[62955]
[60363]
[57363]
[63750]
[59528]
[63736]
[63734]
[63750]
[63751]
[59528]
[63736]
[63695]
[61727, 336]
[62716]
[56765]
[55267]
[60603]
[61744]
[63727]
[63449]
[58292]
[61686]
[61025]
[62715]
[60027]
[60725]
[60801]
[60603]
[63789]
[61146]
[60151]
[62714]
[57247, 336]
[63738]
[63752]
[62724]
[61025]
[60583]
[62717]
[63713]
[63737]
[61411]
[63040]
[63064]
[63037]
[59196]
[62714]
[57247, 336]
[61025]
[60583]
[62724]
[63075]
[63276]
[63146]
[61293]
[62706]
[60755]
[60981]
[59189]
[61618]
[61085]
[61355]
[60408]
[62707]
[62934]
[61172]
[60434]
[55667]
[61758]
[60897]
[62920]
[62903]
[62722]
[57867]
[62710]
[60669]
[63013]
[56944]
[60942]
[60741]
[60780]
[62721]
[63000]
[63015]
[60681]
[61471]
[62903]
[61293]
[57867]
[62710]
[55734]
[60578]
[59651]
[60478]
[62971]
[61262]
[59511]
[61448]
[60509]
[61099]
[61378]
[55709]
[60952]
[61280]
[60456]
[61564]
[60478]
[55734]
[62971]
[61262]
[59511]
[61280]
[61448]
[60509]
[61378]
[60952]
[60456]
[61564]
[61099]
[55709]
[60813]
[60495]
[58327]
[60695]
[62653]
[61652]
[62653]
[61652]
[55386]
[62652]
[62636]
[60463]
[61701]
[60494]
[60802]
[55334]
[61428]
[60670]
[61552]
[61685]
[55696]
[59600]
[62647]
[57164]
[60740]
[57246]
[60520]
[60372]
[60951]
[63035]
[60489]
[60657]
[55452]
[60715]
[61482]
[61064]
[62651]
[60165]
[57393]
[61309]
[51846]
[61722]
[62646]
[62650]
[61169]
[58969]
[60372]
[60951]
[63035]
[60489]
[60657]
[55452]
[60715]
[61482]
[61684]
[57224]
[60941]
[60553]
[60582]
[60634]
[61726]
[61410]
[60980]
[61040]
[61771]
[61743]
[61040]
[61771]
[61743]
[59990]
[55708]
[60629]
[56131]
[59886]
[60864]
[57997]
[59526]
[60616]
[61012]
[58935]
[60941]
[61349]
[57951]
[59345]
[61604]
[60549]
[62637]
[60950]
[60435]
[61617]
[60754]
[62077]
[60461]
[55733]
[60477]
[56943]
[55666]
[60576]
[61635]
[60508]
[60680]
[61470]
[60739]
[60422]
[61982, 334]
[61349]
[59639]
[62656]
[61447]
[61377]
[61051]
[61300]
[61261]
[60628]
[60411]
[59650]
[58501]
[61757]
[60779]
[61167]
[61279]
[55778]
[60968]
[62648]
[60487]
[60602]
[61377]
[59639]
[61051]
[61300]
[61261]
[60628]
[61427]
[62604]
[57392]
[60632]
[57163]
[57877]
[60769]
[56942]
[60903]
[57245]
[60138]
[60293]
[62766]
[60155]
[60420]
[55451, 334]
[60714]
[61501]
[55732]
[60164]
[61598, 334]
[62605]
[61481]
[62063]
[61700]
[61308, 332]
[55322, 332]
[61784]
[61097]
[61833]
[56179]
[60421]
[60620]
[60166]
[61063]
[61651]
[61551]
[59100]
[60940]
[55262]
[59989]
[60863, 334]
[60601]
[60581]
[60459]
[57915]
[61409]
[61109, 334]
[59006]
[60490]
[60738]
[60168]
[55803]
[57996]
[60738]
[60168]
[55803]
[62588]
[57996]
[57223]
[59920]
[62587]
[51845]
[61039]
[57876]
[60697]
[59215]
[62603]
[60627]
[55707]
[61171]
[61050, 332]
[61725]
[60967]
[62769]
[61597, 334]
[62778]
[60368]
[62773]
[62764]
[59376]
[61348]
[56130]
[61469]
[60619]
[60220]
[62076]
[62775]
[61292]
[62781]
[59843]
[62772]
[60656]
[62761]
[60551]
[61353]
[51652]
[61616]
[61083]
[55385]
[62762]
[61721]
[60665]
[62759]
[62770]
[57914]
[62763]
[62777]
[60476]
[62774]
[62602]
[61603]
[62765]
[60455]
[56098]
[62761]
[60551]
[61353]
[51652]
[61616]
[62762]
[61721]
[60665]
[62759]
[62770]
[58968]
[62601]
[60886]
[61756]
[60667]
[55777]
[56280]
[55587]
[61591]
[54761]
[61278]
[60488]
[62601]
[60310]
[61634]
[59638]
[61446]
[55784]
[55587]
[61260]
[60470]
[60472]
[62586, 334]
[60519, 334]
[60533]
[58968]
[60886]
[61756]
[60667]
[60886]
[61756]
[60292]
[62511]
[59924]
[60574]
[61596, 334]
[57222]
[57244]
[57449]
[62506]
[60768]
[57913]
[60049]
[61307, 332]
[62507]
[57698]
[61177]
[55450, 334]
[56097]
[60556]
[56725]
[57875]
[60599]
[55430]
[61664]
[61319]
[61550]
[56178]
[60462]
[60713]
[62511]
[60292]
[59924]
[60574]
[57244]
[61596, 334]
[57222]
[62678]
[62075]
[55321, 332]
[55753]
[60625]
[60696]
[59004]
[60939]
[60177]
[61108, 334]
[55787]
[61724]
[62512]
[61038]
[60618]
[60183]
[61682]
[61741]
[61716, 332]
[55899]
[56941]
[61426]
[59004]
[60939]
[60177]
[61108, 334]
[55787]
[61724]
[62512]
[61038]
[60618]
[60183]
[61682]
[61741]
[62658]
[61096]
[60448]
[58636]
[55706]
[60862, 334]
[61602]
[59435]
[55731]
[61887]
[58706]
[56211]
[60655]
[60491]
[61352]
[51651]
[61468]
[57874]
[61595, 334]
[62062]
[56129]
[61168]
[57995]
[56724]
[57430]
[61291]
[55655, 332]
[59598]
[60301]
[57961]
[60677]
[56096]
[61500]
[56447]
[61650]
[61096]
[60448]
[58636]
[55706]
[62638]
[61277]
[61723]
[60309]
[60029]
[61375]
[61347]
[60418]
[60548]
[60617]
[59637]
[55586]
[60666]
[57801]
[59888]
[61445]
[57912]
[52696]
[61755]
[60938]
[61633]
[58702]
[60419]
[60623]
[60900]
[56163]
[61720]
[60458]
[60247]
[62630]
[60492]
[55449, 334]
[57390]
[57873]
[55939]
[62629]
[57911]
[59380]
[61095]
[57160]
[59648]
[61531]
[59470]
[60416]
[62061]
[61306, 332]
[56294]
[61107]
[62349]
[56294]
[61107]
[62349]
[56177]
[60300]
[57140]
[61467]
[58701]
[47339]
[60712]
[61499]
[52570]
[60291]
[57234]
[62628]
[55266]
[57371]
[57243]
[58765]
[59235]
[55775]
[55978]
[55801]
[55383]
[59777]
[61549]
[62612]
[55320, 332]
[51841]
[59541]
[61037]
[59531]
[61698]
[56570]
[59213]
[57063]
[55752]
[59968]
[59003]
[55677]
[56797]
[55752]
[58861]
[55691]
[59541]
[61037]
[55429]
[55320, 332]
[51841]
[55665]
[61698]
[59531]
[57063]
[61290]
[59968]
[59213]
[59003]
[55677]
[56474]
[57221]
[59541]
[61037]
[59531]
[61698]
[56570]
[59968]
[59213]
[57063]
[55752]
[62610]
[55463]
[59225]
[56723]
[58635]
[55947]
[55654, 332]
[55805]
[57960]
[56940]
[57374]
[56723]
[55463]
[58635]
[55947]
[55654, 332]
[57960]
[55805]
[56940]
[57374]
[57910]
[56210]
[61094]
[62428]
[56162]
[62043]
[55904]
[61601]
[61276]
[56995]
[56245]
[59987]
[55704]
[56095]
[61351]
[51650]
[57343]
[62580]
[59784]
[61374]
[61632]
[61859]
[56901]
[59797]
[58937]
[61719]
[58860]
[61715, 332]
[56446]
[57865]
[60246]
[58860]
[56446]
[57865]
[60246]
[61860]
[61346]
[55258]
[62073]
[60308]
[60028]
[52675]
[55585]
[62426]
[57242]
[57157]
[57983]
[58044]
[56300]
[61772]
[56094]
[61993]
[55382]
[57013]
[55576]
[61957]
[61593]
[61036]
[55809]
[57310]
[61498]
[56161]
[61328]
[55477]
[62353]
[59836]
[55448]
[58993]
[56128]
[58842]
[62409]
[60992]
[57933]
[59847]
[60037]
[55690]
[58700]
[59530]
[60711]
[55255]
[55985]
[61739]
[58862]
[52700]
[59647]
[55820]
[59977]
[60033]
[57370]
[60432]
[56866]
[57370]
[59977]
[60432]
[56866]
[60004]
[60414]
[59999]
[56593]
[59601]
[60353]
[60993]
[55774]
[57267]
[61466]
[61304, 332]
[57608]
[56600]
[55781]
[55800]
[55808]
[61969]
[59877]
[61317]
[59701]
[60089]
[55265]
[55653, 332]
[56569]
[61345]
[60051]
[57389]
[61365]
[57073]
[61844]
[55920]
[60299]
[56445]
[61600]
[56160]
[56521]
[60051]
[60299]
[56445]
[61600]
[55653, 332]
[56569]
[56521]
[61970]
[57389]
[61548]
[61697]
[55740]
[56160]
[55536]
[62003]
[59832]
[61406]
[59596]
[56228]
[57717]
[58992]
[62002]
[59986]
[61170]
[61714, 332]
[56063]
[56722]
[58934]
[59441]
[57993]
[56908]
[59698]
[59224]
[56244]
[52569]
[57959]
[59021]
[62565]
[55107]
[61827]
[61350]
[55600]
[51649]
[56938]
[55536]
[62003]
[59832]
[61406]
[59596]
[61443]
[58441]
[56176]
[59845]
[62350]
[61956]
[61648]
[57908]
[61858]
[62107]
[53198]
[61373]
[60245]
[59967]
[61968]
[62109]
[57108]
[55584]
[59635]
[59326]
[56176]
[57771]
[60653]
[61857]
[62106]
[59697]
[61949]
[57152]
[61718]
[60431]
[61967]
[61950]
[62542]
[52568]
[61875]
[31745]
[61893]
[57302]
[61793]
[57711]
[61972]
[57871]
[59355]
[55664]
[62057]
[59795]
[57932]
[61145]
[56127]
[60846]
[59646]
[55368]
[55374]
[61870]
[57992]
[61988]
[59629]
[62481]
[57835]
[52568]
[61875]
[61893]
[57302]
[61793]
[57711]
[55664]
[62057]
[61972]
[57871]
[59355]
[61145]
[56127]
[59795]
[57932]
[60846]
[59646]
[61035]
[60243]
[55773]
[61778]
[61894]
[61209]
[62032]
[56038]
[56282]
[60595]
[58683]
[61891]
[55476]
[61874]
[61842]
[61145]
[56127]
[59795]
[57932]
[60846]
[59646]
[58837]
[61965]
[61867]
[57369]
[61911]
[62028]
[59853]
[61978]
[57964]
[61364]
[57072]
[61795]
[55807]
[59915]
[58348]
[61987]
[61547]
[56021]
[55799]
[59462]
[61980]
[61940]
[60430]
[61892]
[61883]
[58290]
[61215]
[61866]
[61966]
[62027]
[59854]
[59742]
[61979]
[55983]
[61966]
[61868]
[62029]
[59854]
[56243]
[59742]
[61979]
[56568]
[55983]
[55427]
[60302]
[56175]
[61316]
[61942]
[61836]
[61959]
[56208]
[55345]
[61955]
[55381]
[56208]
[55345]
[61955]
[55381]
[61831]
[61216]
[58991]
[57388]
[56276]
[58226]
[57906]
[59624]
[61203]
[58139]
[61206]
[61976]
[62038]
[56227]
[61497]
[61990]
[59593]
[61994]
[51647]
[61975]
[60990]
[61941]
[61881]
[56721]
[61989]
[56935]
[55954]
[62089]
[56844]
[61780]
[59020]
[61977]
[62066]
[55508]
[55583]
[57958]
[59154]
[61973]
[61897]
[59975]
[61288]
[61864]
[61187]
[60765]
[60024]
[59876]
[61834]
[52699]
[60003]
[61865]
[61232]
[56159]
[61898]
[57241]
[60252]
[60093]
[60024]
[59876]
[61834]
[60003]
[61865]
[61232]
[56159]
[61898]
[57241]
[60252]
[60093]
[62088]
[61713, 332]
[60991]
[58139]
[61206]
[61976]
[62038]
[56227]
[61497]
[61878]
[55431]
[61854]
[61599]
[61960]
[59634]
[61779]
[59966]
[59842]
[57905]
[61855]
[58990]
[61342]
[60413]
[61885]
[61963]
[61947]
[59752]
[60012]
[61849]
[60413]
[61885]
[61963]
[59966]
[60012]
[61849]
[61947]
[59752]
[55535]
[61999]
[56062]
[61856]
[61861]
[61154]
[61983]
[61964]
[57151]
[61851]
[59835]
[61953]
[60412]
[61961]
[55317]
[59925]
[59529]
[61852]
[55750]
[61946]
[56860]
[61869]
[61343]
[60978]
[61826]
[61962]
[58857]
[61998]
[61850]
[60429]
[61948]
[58673]
[61997]
[61838]
[60342]
[57946]
[61829]
[61185]
[55728]
[61954]
[61984]
[55426]
[55431]
[61854]
[61599]
[61873]
[61960]
[60270]
[56207]
[59354]
[61235]
[59976]
[57870]
[56174]
[60391]
[56592]
[56207]
[57883]
[61235]
[57706]
[60203]
[59776]
[56126]
[57051]
[61182]
[60348]
[55688]
[55657]
[60087]
[61198]
[59709]
[60615]
[55446]
[57870]
[59133]
[60391]
[57336]
[57883]
[57051]
[60137]
[56842]
[61210]
[55688]
[57706]
[60203]
[57265]
[59776]
[61236]
[61081]
[61218]
[60087]
[55657]
[61210]
[55688]
[57706]
[60203]
[57265]
[59776]
[52567]
[61218]
[60087]
[55657]
[60615]
[61139]
[59709]
[60269]
[56443]
[55344]
[55546]
[59645]
[59874]
[57957]
[58989]
[59434]
[59825]
[57301]
[57904]
[59343]
[60202]
[61189]
[55316]
[55332]
[58879]
[55475]
[61192]
[59747]
[58406]
[60575]
[61229]
[61193]
[59454]
[60036]
[55798]
[56061]
[58682]
[58003]
[59728]
[61228]
[61233]
[59180]
[61212]
[59761]
[61179]
[56548]
[60287]
[54760]
[59785]
[56443]
[55344]
[55546]
[59645]
[59874]
[61233]
[61179]
[59180]
[61212]
[59761]
[56548]
[60287]
[54760]
[59785]
[60268]
[59605]
[61944]
[61180]
[57106]
[57722]
[59733]
[55116]
[57962]
[56158]
[60023]
[59733]
[55116]
[57962]
[56158]
[60023]
[56082]
[59875]
[58225]
[56841]
[59439]
[56242]
[56285]
[55727]
[58670]
[61191]
[55607]
[55806]
[61222]
[59000]
[55250]
[57387]
[56418]
[55993]
[55702]
[61213]
[56226]
[61184]
[59615]
[59019]
[62399]
[59515]
[55582]
[61200]
[61183]
[61178]
[60409]
[59984]
[55749]
[60352]
[60710]
[60466]
[61120]
[60385]
[57991]
[60216]
[60708]
[57882]
[55425]
[61214]
[55651]
[58674]
[60297]
[59633]
[61205]
[54948]
[61132]
[61023]
[59965]
[55534]
[60384]
[54948]
[61132]
[61023]
[59965]
[55534]
[60384]
[56060]
[60242]
[56720]
[57907]
[61190]
[57150]
[59997]
[59540]
[57931]
[61188]
[57903]
[59973]
[52558]
[55507]
[59928]
[60230]
[60350]
[57239]
[59819]
[56125]
[59930]
[60143]
[59788]
[59932]
[59610]
[55726]
[57367]
[55474]
[56612]
[55606]
[59973]
[52558]
[59934]
[55507]
[60230]
[60277]
[56125]
[59930]
[57239]
[59819]
[60143]
[59932]
[57367]
[59788]
[59610]
[55726]
[55474]
[59934]
[56612]
[55606]
[59973]
[52558]
[55507]
[59897]
[55315]
[59796]
[60282]
[60271]
[60002]
[41529]
[59929]
[59727]
[57788]
[51625]
[55923]
[56840]
[60324]
[59591]
[60386]
[60136]
[60217]
[59644]
[57947]
[59018]
[60386]
[60136]
[60217]
[59644]
[57947]
[59018]
[60227]
[60296]
[60321]
[52107]
[57300]
[60022]
[47111]
[56206]
[60323]
[60226]
[56081]
[59212]
[60212]
[60142]
[56874]
[56591, 336]
[56491]
[60086]
[55445]
[57869]
[59353]
[60229]
[55380]
[59179]
[51721]
[57264]
[59609]
[57742]
[59614]
[57902]
[59604]
[56566]
[60225]
[57956]
[59732]
[59726]
[58878]
[58688]
[60234]
[59746]
[60380]
[60219]
[56224]
[60320]
[58224]
[59453]
[55797]
[57773]
[57990]
[56173]
[56442]
[57881]
[55757]
[59627]
[58999]
[62130]
[59983]
[59720]
[60195]
[56417]
[60280]
[57335]
[60267]
[60258]
[60276]
[56401]
[60480]
[60285]
[56719]
[62001]
[61335]
[55725]
[60427]
[52566]
[61341]
[60228]
[56036]
[57386]
[57105]
[55314]
[55780]
[60197]
[60196]
[59342]
[56157]
[55404]
[60200]
[56400]
[60467]
[60259]
[55366]
[60274]
[57863]
[60481]
[59438]
[56019]
[57138]
[60275]
[60322]
[57318]
[62026]
[60258]
[60211]
[60468]
[62001]
[60351]
[57930]
[61335]
[52566]
[60266]
[55533]
[61913]
[61790]
[55581]
[59740]
[55581]
[60035]
[60349]
[61338]
[56839]
[59759]
[55748]
[57901]
[60068]
[60325]
[59873]
[58631]
[60094]
[58987]
[59622]
[55424]
[57218]
[60030]
[52870]
[58987]
[59622]
[57218]
[60030]
[59632]
[61230]
[61847]
[59914]
[56873]
[57346]
[56590, 336]
[55796]
[60330]
[60056]
[60007]
[55444]
[55544]
[57701]
[56496]
[57880]
[56590, 336]
[55506]
[58681]
[60056]
[59452]
[60006]
[60007]
[55444]
[57868]
[59352]
[57787]
[58725]
[59590]
[52872]
[60135]
[60057]
[61186]
[59608]
[58043]
[60069]
[59643]
[59017]
[60327]
[59852]
[57385]
[60073]
[59096]
[59178]
[60433]
[56091]
[57299]
[60053]
[59725]
[55686]
[59205]
[56156]
[56205]
[60140]
[55714]
[60079]
[56124]
[56223]
[61230]
[59914]
[58223]
[59922]
[57238]
[60144]
[55770]
[55903]
[56441]
[59572]
[55828]
[60115]
[59822]
[57069]
[58768]
[60065]
[59241]
[59994]
[57238]
[60144]
[55770]
[55903]
[56441]
[59572]
[55828]
[60115]
[59822]
[57069]
[58768]
[60065]
[59241]
[59994]
[58615]
[60128]
[56018]
[56416]
[59963]
[57900]
[61774]
[56279]
[60064]
[60078]
[58961]
[60139]
[59482]
[60095]
[55598]
[60127]
[61339]
[55114]
[61329]
[55105]
[60052]
[56730]
[60134]
[60379]
[58841]
[59607]
[59451]
[58998]
[57719]
[55649]
[56155]
[60070]
[56079]
[59719]
[59177]
[60326]
[57334]
[51624]
[57934]
[56718]
[58798]
[59613]
[56035]
[59603]
[58876]
[55951]
[57955]
[60063]
[58680]
[55114]
[61329]
[55105]
[60052]
[61339]
[56730]
[60134]
[60379]
[60265]
[60121]
[59872]
[57879]
[57095]
[57989]
[61201]
[59971]
[58986]
[55254]
[61156]
[60121]
[59872]
[57879]
[57095]
[59971]
[61201]
[58986]
[59621]
[59626]
[57217]
[57104]
[55580]
[56565]
[59982]
[61208]
[59631]
[55896]
[61155]
[57104]
[61207]
[55580]
[56565]
[60034]
[55313]
[59972]
[59982]
[59341]
[57899]
[58687]
[59738]
[59745]
[61234]
[55254]
[61156]
[60264]
[59668]
[59204]
[52564]
[52869]
[59204]
[59834]
[59554]
[55402]
[57179]
[59670]
[59095]
[59781]
[58222]
[55088]
[55364]
[58651]
[58437]
[59801]
[52111]
[58831]
[59571]
[57252]
[58686]
[55364]
[58651]
[52341]
[59801]
[59669]
[52111]
[59571]
[56187]
[58409]
[55850]
[57298]
[56499]
[56589, 336]
[55648]
[59768]
[58723]
[56204]
[59106]
[55443]
[57866]
[59846]
[57786]
[57929]
[56299]
[55699]
[55919]
[59200]
[56057]
[60263]
[59016]
[57077]
[57103]
[56564]
[55423]
[55982]
[59664]
[56123]
[59666]
[56222]
[57695]
[56089]
[56872]
[57695]
[57015]
[59606]
[59103]
[57333]
[57954]
[58985]
[56610]
[55604]
[58766]
[59778]
[58997]
[57262]
[59850]
[59351]
[58151]
[59665]
[57103]
[55946]
[57262]
[57147]
[59661]
[58630]
[59481]
[58679]
[57720]
[55685]
[59663]
[55746]
[59365]
[56056]
[59870]
[57878]
[55769]
[55543]
[55312]
[57068]
[59625]
[52695]
[55341]
[55378]
[55738]
[57048]
[57147]
[59661]
[58630]
[59481]
[58679]
[57720]
[55685]
[59663]
[60262]
[59099]
[59420]
[57236]
[59849]
[57988]
[59658]
[59612]
[56784]
[59602]
[57988]
[59659]
[56239]
[56818]
[57297]
[59340]
[59099]
[57607]
[55401]
[57236]
[59849]
[59658]
[57316]
[58347]
[55472]
[59660]
[55505]
[56906]
[56717]
[60261]
[61996]
[55723]
[58832]
[55311]
[57895]
[58867]
[56171]
[55579]
[57746]
[59657]
[56077]
[59863]
[58380]
[58748]
[55977]
[62024]
[57365]
[56440]
[55827]
[58676]
[58039]
[57215]
[56154]
[56017]
[55531]
[55363]
[39918]
[58468]
[52110]
[56863]
[56609]
[57067]
[58762]
[57186]
[56871]
[56076]
[57009]
[52563]
[59423]
[56088]
[52867]
[56588, 336]
[55794]
[60498]
[55422]
[55442]
[56716]
[56495]
[55112]
[58355]
[57734]
[57785]
[57352]
[56122]
[56289]
[58221]
[57083]
[58796]
[58751]
[52110]
[60497]
[55984]
[57186]
[56871]
[56076]
[55661]
[59386]
[47113]
[55264]
[56439]
[57953]
[55698]
[55638]
[56186]
[58408]
[59425]
[51724]
[57953]
[55638]
[56153]
[55661]
[59425]
[55340]
[55698]
[57862]
[55542]
[56186]
[58408]
[57146]
[55942]
[51724]
[54759]
[56389]
[61936]
[51622]
[56522]
[55675]
[57315]
[55362]
[55471]
[55857]
[54768]
[57296]
[58996]
[57261]
[56297]
[56075]
[57383]
[55647]
[56284]
[57342]
[56033]
[52353]
[57741]
[51622]
[52866]
[56238]
[55675]
[52353]
[57741]
[48728]
[58526]
[58711]
[58712]
[59674]
[55826]
[56563]
[57212]
[55603]
[59676]
[59339]
[55504]
[55684]
[56016]
[59678]
[56414]
[55297]
[55530]
[59419]
[59671]
[55377]
[57893]
[59680]
[58415]
[59673]
[57980]
[57759]
[59675]
[59344]
[57102]
[55577]
[58984]
[59677]
[57927]
[58747]
[58685]
[59679]
[58685]
[55826]
[56563]
[56055]
[57047]
[59679]
[59418]
[55310]
[57233]
[59672]
[55722]
[58525]
[60341]
[55744]
[56861]
[56121]
[55540]
[60338]
[56169]
[56202]
[58977]
[55744]
[56121]
[56169]
[56202]
[59421]
[55309]
[55767]
[52109]
[56438]
[57861]
[56608]
[57066]
[55330]
[57295]
[56870]
[60339]
[56152]
[58629]
[55260]
[60338]
[56185]
[56281]
[58278]
[58750]
[56507]
[58977]
[55744]
[58524]
[57784]
[51620]
[55818]
[55503]
[57437]
[57046]
[55793]
[53460]
[56562]
[59081]
[55111]
[57979]
[55487]
[56798]
[57952]
[56074]
[55818]
[51620]
[55503]
[58374]
[57437]
[57046]
[55793]
[53460]
[58407]
[56087]
[55352]
[52673]
[57892]
[51723]
[52865]
[56087]
[57892]
[51723]
[52865]
[56587]
[55646]
[56388]
[57395]
[55856]
[55399]
[58995]
[55992]
[55391]
[55361]
[55470]
[55308]
[57143]
[55145]
[56912]
[56032]
[57395]
[58220]
[58995]
[55992]
[55391]
[55575]
[55470]
[57351]
[55308]
[55145]
[57082]
[57362]
[57143]
[55856]
[55602]
[56032]
[55399]
[58611]
[56413]
[55361]
[57395]
[58523]
[59522]
[58738]
[57382]
[56220]
[55529]
[56073]
[57978]
[56151]
[55253]
[56054]
[58373]
[55091]
[55825]
[57524]
[58746]
[58091]
[57984]
[55697]
[56220]
[56151]
[56073]
[57978]
[58091]
[58373]
[55091]
[55721]
[55825]
[56779]
[58746]
[56469]
[58522]
[57926]
[59521]
[56654]
[58820]
[58749]
[56201]
[56494]
[58562]
[56714]
[56650]
[58819]
[58663]
[56494]
[58337]
[56655]
[56869]
[56002]
[58157]
[58811]
[55398]
[56561]
[54738]
[57021]
[58660]
[55103]
[57360]
[56383]
[58562]
[56494]
[58663]
[58337]
[56655]
[56869]
[56002]
[58157]
[58811]
[55398]
[56561]
[54738]
[57944]
[59520]
[58779]
[56506]
[58815]
[52108]
[56649]
[57839]
[58802]
[56086]
[59116]
[56678]
[56661]
[57783]
[58925]
[58666]
[57732]
[58729]
[58806]
[55824]
[55855]
[57065]
[57294]
[52671]
[55766]
[57259]
[58372]
[51886]
[56053]
[55360]
[58801]
[59115]
[56652]
[57782]
[55090]
[55486]
[58803]
[56607]
[58809]
[55110]
[58411]
[58638]
[58667]
[52387]
[58730]
[57943]
[59519]
[51722]
[59070]
[58787]
[56168]
[58805]
[58571]
[56646]
[58639]
[55440]
[56106]
[58797]
[51722]
[55538]
[56235]
[56660]
[55645]
[58732]
[56184]
[58865]
[55089]
[58708]
[57330]
[56546]
[52864]
[58563]
[55338]
[57890]
[54946]
[58414]
[58707]
[55743]
[58508]
[56648]
[56586]
[56978]
[57977]
[58640]
[58709]
[58694]
[51633]
[59070]
[58787]
[58731]
[56168]
[58805]
[58571]
[56412]
[55440]
[58733]
[56106]
[58797]
[57942]
[58645]
[58016]
[58715]
[58781]
[57350]
[55792]
[58405]
[55087]
[58816]
[58405]
[55087]
[58816]
[57081]
[57580]
[58641]
[55682]
[56643]
[57567]
[58717]
[58251]
[52811]
[58714]
[57582]
[56031]
[56658]
[58219]
[57569]
[54957]
[58804]
[58717]
[58251]
[52811]
[58714]
[57582]
[56031]
[56658]
[58219]
[57569]
[54957]
[58804]
[58824]
[58646]
[57584]
[57313]
[55469]
[58791]
[55307]
[57571]
[58655]
[58646]
[57584]
[57313]
[54957]
[55469]
[58791]
[55307]
[57571]
[58655]
[55720]
[58179]
[58761]
[55420]
[56219]
[55601]
[57579]
[57941]
[58658]
[56634]
[57403]
[58237]
[57889]
[56052]
[52497]
[56653]
[58757]
[56014]
[59141]
[56831]
[56635]
[57833]
[58648]
[57976]
[57045]
[55914]
[56657]
[58691]
[56640]
[59071]
[56072]
[58657]
[56621]
[58614]
[58237]
[52497]
[56653]
[58757]
[56014]
[59141]
[56831]
[56635]
[57833]
[58648]
[57976]
[55914]
[56657]
[58691]
[56640]
[59071]
[55528]
[58656]
[58637]
[50521]
[56651]
[58756]
[58737]
[58658]
[56634]
[57403]
[59117]
[58613]
[56656]
[55695]
[58745]
[58690]
[56637]
[55373]
[56659]
[58828]
[56411]
[55644]
[56713]
[56910]
[57704]
[55719]
[51223]
[58259]
[58239]
[55082]
[58261]
[57020]
[56997]
[56493]
[56868]
[56505]
[58203]
[57007]
[54756]
[58018]
[55359]
[52690]
[49990]
[57838]
[57612]
[56105]
[58863]
[57293]
[55336]
[56200]
[57064]
[58864]
[58490]
[52106]
[56234]
[58866]
[58462]
[58436]
[55765]
[59329]
[59319]
[58434]
[59237]
[52863]
[56183]
[59321]
[54917]
[59211]
[57175]
[57183]
[58462]
[58436]
[55765]
[59329]
[59319]
[55167]
[59320]
[59330]
[58214]
[58460]
[56606]
[59333]
[57329]
[57375]
[58484]
[58257]
[58555]
[55791]
[58364]
[58375]
[59323]
[58482]
[59239]
[58424]
[55658]
[58566]
[58260]
[53250]
[53619]
[59328]
[59210]
[59322]
[58256]
[58966]
[58435]
[54923]
[55742]
[58461]
[58465]
[58561]
[56167]
[55168]
[58483]
[58554]
[58158]
[58459]
[55439]
[58403]
[58246]
[58552]
[57940]
[58248]
[55854]
[54769]
[59171]
[57565]
[59110]
[56085]
[59112]
[56030]
[54908]
[58449]
[59109]
[57459]
[57585]
[55358]
[58184]
[59108]
[58235]
[58481]
[55147]
[59168]
[58241]
[57258]
[57611]
[57563]
[56830]
[56436]
[59113]
[51684, 327]
[59074]
[56149]
[57349]
[58015]
[52956]
[57924]
[58392]
[57080]
[54769]
[59171]
[57565]
[58241]
[57258]
[57588]
[56830]
[56436]
[59113]
[51684, 327]
[59074]
[56149]
[57349]
[57611]
[57563]
[58392]
[57080]
[58015]
[52956]
[57924]
[59110]
[58248]
[55854]
[54769]
[59171]
[57565]
[56085]
[59112]
[56030]
[54908]
[58449]
[59109]
[57459]
[57585]
[55358]
[58184]
[59108]
[58235]
[58481]
[55147]
[58521]
[61143]
[57001]
[56585]
[56677]
[58378]
[58360]
[58209]
[57044]
[53580]
[59059]
[58012]
[57141]
[58452]
[58196]
[57481]
[58973]
[58975]
[56560]
[57126]
[58416]
[58454]
[56574]
[59064]
[55305]
[58512]
[51720]
[56728]
[56585]
[56677]
[58378]
[58360]
[58262]
[59059]
[58242]
[58012]
[51925]
[57663]
[58452]
[58973]
[56560]
[57126]
[58209]
[57887]
[58361]
[58209]
[57044]
[53580]
[55419]
[57141]
[59054]
[55823]
[57099]
[58206]
[57481]
[58975]
[58249]
[58560]
[56013]
[58196]
[58454]
[56574]
[57731]
[58981]
[58453]
[55973]
[58376]
[58513]
[58419]
[58208]
[58978]
[58417]
[58315]
[52896]
[58134]
[58873]
[58400]
[57837]
[54915]
[55357]
[56605]
[56148]
[59155]
[55357]
[58202]
[56148]
[57019]
[54935]
[59122]
[56410]
[56712]
[58232]
[59125]
[59126]
[58017]
[58200]
[58559]
[58211]
[49904]
[58234]
[56166]
[55095]
[59124]
[54915]
[56605]
[58559]
[57837]
[58318]
[56166]
[58366]
[58234]
[59155]
[55915]
[57292]
[55438]
[56104]
[54935]
[59122]
[58393]
[58202]
[57019]
[59126]
[58252]
[58420]
[58891]
[56199]
[59089]
[58201]
[58252]
[53249]
[58135]
[59119]
[58894]
[58520]
[62509]
[57181]
[58558]
[56867]
[56070]
[56909]
[55335]
[57530]
[55144]
[58109]
[52684]
[56476]
[58395]
[56050]
[56118]
[55764]
[51283]
[57074]
[56583]
[52832]
[58212]
[57973]
[58320]
[57062]
[58116]
[56182]
[57181]
[58558]
[56867]
[52862]
[51637]
[58319]
[58519]
[57097]
[58321]
[55467]
[58557]
[55099]
[56435]
[56029]
[56232]
[56559]
[55151]
[55108]
[56216]
[55679]
[57257]
[57406]
[55741]
[56029]
[57097]
[55679]
[58321]
[58557]
[55099]
[56232]
[56559]
[55151]
[55108]
[56216]
[57257]
[57406]
[57620, 323]
[55741]
[56729]
[55641]
[58317]
[55356]
[51726]
[58518]
[55717]
[52557]
[57043]
[54958]
[55763]
[55822]
[57347]
[56380]
[56459]
[51705]
[55526]
[55500]
[57730]
[58727]
[57311]
[55418]
[58394]
[57628]
[54922]
[56012]
[57439]
[57003]
[57139]
[55597]
[56084]
[58314]
[56763]
[50331]
[56817]
[58556]
[57676]
[53310]
[52557]
[58287]
[54958]
[56049]
[55822]
[55717]
[57347]
[58517]
[61142]
[55739]
[53623]
[54944]
[53248]
[54931]
[56865]
[57725]
[52508]
[57709]
[56432]
[52694]
[55141]
[56604]
[52181]
[52957]
[58626]
[57057]
[56711]
[56711]
[56710]
[57005]
[57291]
[56181]
[56503]
[56068]
[55333]
[54741]
[57018]
[55436]
[56827]
[57529]
[55303]
[57658]
[51682, 327]
[56558]
[57939]
[57728]
[51704]
[52124]
[57728]
[51704]
[54933]
[56198]
[56103]
[56117]
[52666]
[56490]
[55980]
[52485, 323]
[57116]
[52125]
[55098]
[49356]
[55788]
[57178]
[56736]
[57027]
[54954]
[55639]
[54937]
[51636]
[16666, 229]
[54959]
[56849]
[57172]
[57724]
[56409]
[58098]
[56231]
[55851]
[52124]
[57728]
[51704]
[54933]
[57938]
[56785]
[52998]
[57096]
[55821]
[54956]
[57255]
[56907]
[57689]
[57982]
[57778]
[58075]
[55716]
[55106]
[55466]
[58111]
[52456, 323]
[56785]
[52998]
[57096]
[56067]
[57726]
[54945]
[55302]
[57094]
[55482]
[54934]
[57737]
[55678]
[55821]
[54956]
[57255]
[56907]
[57689]
[57937]
[61141]
[56406]
[55499]
[56709]
[57137]
[55435]
[56083]
[57775]
[52664, 327]
[58086]
[55354]
[58085]
[54955]
[57649]
[56924]
[58083]
[56889]
[56774]
[56708]
[52871]
[58113]
[57076]
[56406]
[55499]
[56709]
[57137]
[55435]
[56083]
[57775]
[56821]
[58102]
[58095]
[53307]
[57599]
[58097]
[56408]
[57553]
[58086]
[55354]
[58085]
[54955]
[57649]
[56924]
[58083]
[56889]
[56774]
[56708]
[52871]
[58113]
[58104]
[57936]
[52693]
[57014]
[57415]
[57115]
[54962]
[57475]
[51681, 327]
[57016]
[51609]
[54930]
[58618]
[52230]
[56603]
[53720]
[56430]
[53711]
[55464]
[57290]
[52511, 323]
[54961]
[56197]
[58399]
[52435]
[54913]
[51938]
[58431]
[54938]
[57017]
[56501]
[51711]
[57004]
[57288]
[52522]
[57289]
[57836]
[55637]
[52786]
[57935]
[57135]
[52246]
[55434]
[51918]
[52663, 327]
[57747]
[51702]
[56066]
[54949]
[56116]
[56180]
[54909]
[56781]
[54939]
[56261]
[57492]
[57474]
[54916]
[56783]
[55986]
[55434]
[57135]
[51918]
[52663, 327]
[57747]
[51702]
[54949]
[56116]
[56180]
[56066]
[54909]
[56781]
[54939]
[56261]
[57492]
[57474]
[51603]
[54916]
[56783]
[55986]
[57026]
[57134]
[48480]
[56424]
[56602]
[57477]
[57325]
[55094]
[56425]
[56934]
[52827, 323]
[55351]
[55480]
[52156]
[52597]
[55353]
[56403]
[53202]
[56601]
[56214]
[57251]
[56766]
[55849]
[54740]
[57253]
[57326]
[52121]
[56933]
[52455, 323]
[52692]
[56816]
[53622]
[54911]
[51981, 323]
[55676]
[57400]
[51680, 327]
[55715]
[54953]
[52702]
[48671]
[56424]
[48479]
[57462]
[56922]
[50329]
[57435]
[56862]
[55433]
[57795]
[57464]
[56905]
[53715]
[53458]
[57398]
[47668]
[56877]
[58153]
[55498]
[56671]
[57464]
[56905]
[53715]
[53458]
[57398]
[47668]
[56877]
[58153]
[55498]
[56671]
[52701]
[56065]
[55104]
[56545]
[57041]
[55937]
[56819]
[51257]
[56822]
[55416]
[57487]
[51435]
[56864]
[57306]
[52270]
[55928]
[57425]
[57446]
[56977]
[53716]
[57039]
[52009]
[57442]
[55819]
[56878]
[61144]
[51701]
[57040]
[48478]
[56196]
[52901]
[58123]
[56925]
[51920]
[56928]
[56196]
[52691]
[53002]
[51950]
[58125]
[56497]
[51500]
[57034]
[53723]
[55713]
[56500]
[51505]
[56927]
[52300]
[56930]
[51920]
[56928]
[52691]
[53002]
[56196]
[51950]
[48477]
[51700]
[51560]
[51602]
[52434]
[52999]
[52682]
[52190]
[54754]
[57205]
[48567]
[52076]
[57114]
[51214]
[57205]
[48567]
[52076]
[57114]
[51214]
[56990]
[55994]
[51679, 327]
[52669]
[52894, 323]
[55329]
[51940]
[55910]
[54912]
[55847]
[56984]
[48476]
[52253, 323]
[56884]
[50222]
[51522]
[55934]
[57860]
[52689]
[56552]
[53016]
[56891]
[57031]
[57129]
[56382]
[55143]
[52170]
[56893]
[53621]
[51582]
[57029]
[55674]
[52958]
[52129]
[55462]
[57030]
[53722]
[56551]
[51606]
[56890]
[56213]
[56847]
[56553]
[57127]
[51207, 323]
[54739]
[52061]
[56892]
[57271]
[57033]
[52253, 323]
[56884]
[50222]
[56549]
[56633]
[56892]
[57271]
[57033]
[48475]
[54830]
[53313]
[55522]
[52454, 323]
[56448]
[56853]
[56663]
[57809]
[52769]
[51678, 327]
[56666]
[52310, 323]
[52284]
[52599]
[56668]
[52711]
[50328]
[56667]
[52680]
[52710]
[57808]
[55415]
[54929]
[52676]
[56999]
[55298]
[55120]
[56455]
[55102]
[56851]
[54830]
[53313]
[56448]
[56853]
[56663]
[57809]
[52680]
[52710]
[55415]
[54929]
[52676]
[56999]
[55120]
[56455]
[55102]
[56851]
[48474]
[51858, 323]
[56579]
[55902]
[51937]
[55155]
[53335]
[55117]
[57412]
[56255]
[53696]
[51975, 323]
[52433]
[53620]
[52233]
[52059, 323]
[55841]
[57776]
[52229]
[51858, 323]
[56579]
[55902]
[48473]
[47512]
[51576, 323]
[52771]
[51999, 323]
[51766]
[52967, 323]
[51529]
[52075]
[52189]
[52041]
[53294]
[52893, 323]
[51709]
[56249]
[51339]
[55995]
[57411]
[55842]
[51800]
[51576, 323]
[47512]
[52771]
[51999, 323]
[51766]
[48472]
[55905]
[51949]
[51970]
[54816]
[53706]
[53618]
[52467, 323]
[57550]
[56575]
[52660, 327]
[51408]
[52580, 323]
[52116]
[51213]
[56576]
[55905]
[51949]
[53576]
[55093]
[57552]
[56920]
[53355]
[55905]
[51949]
[53576]
[55093]
[48491]
[57552]
[56920]
[53355]
[54748]
[56386]
[50327]
[48471]
[57846]
[56489]
[51581]
[52252, 323]
[54778]
[52169]
[56248]
[48380]
[52462, 323]
[52380, 323]
[53635]
[51627]
[57410]
[53006]
[52678]
[56296]
[55017]
[56487]
[55845]
[51206, 323]
[56489]
[51581]
[52252, 323]
[54778]
[52169]
[56248]
[48380]
[51677, 327]
[52283]
[55957]
[52243]
[52054]
[55324]
[48470]
[57501]
[54737]
[55970]
[55205]
[53306]
[50326]
[57491]
[51431]
[53352]
[52826, 323]
[55972]
[57409]
[51936]
[55990]
[56268]
[55843]
[51221, 323]
[51840, 323]
[62579]
[57408]
[53701]
[52502]
[57490]
[54815]
[51617]
[51948]
[53351]
[56250]
[52596]
[54877]
[56256]
[51632]
[56270]
[53713, 323]
[51617]
[51948]
[53351]
[56250]
[52951]
[48469]
[51811]
[57419]
[52155]
[51716, 323]
[52432]
[52329]
[52070, 323]
[51580]
[53334]
[52382]
[52188]
[52058, 323]
[52838]
[51304]
[51803, 323]
[52918]
[51993]
[57419]
[51811]
[52155]
[51716, 323]
[52432]
[52329]
[52070, 323]
[51580]
[48468]
[52074]
[51441]
[52892, 323]
[51961]
[52579, 323]
[52966, 323]
[51916]
[51947]
[52119]
[52834]
[52403]
[51974, 323]
[55101]
[53558]
[52953]
[51799]
[52955]
[52466, 323]
[53641]
[47511]
[51568]
[52051, 323]
[51407]
[52479, 323]
[51618]
[53194]
[52659, 327]
[52179]
[52479, 323]
[51618]
[53194]
[52659, 327]
[52179]
[52379, 323]
[53553]
[52013, 327]
[48467]
[52950]
[51958]
[52242]
[52320]
[52216, 328]
[51333]
[52461, 323]
[52489, 323]
[53634]
[52793]
[56758]
[52973]
[52704]
[51998, 323]
[51205, 323]
[51527]
[52337, 323]
[52210, 323]
[52453, 323]
[51857, 323]
[53712, 323]
[48466]
[51353]
[53004]
[55208]
[51685]
[52887]
[54814]
[55932]
[52251, 323]
[53704]
[52168]
[54982]
[48490]
[51676, 327]
[51839, 323]
[54746]
[51979, 323]
[51211]
[53700]
[51579]
[52339]
[54777]
[52979]
[52378, 323]
[52484, 323]
[55195]
[52282]
[56254]
[51526]
[55991]
[51353]
[53004]
[55208]
[51685]
[48465]
[52949]
[51600]
[54979]
[51990]
[52825, 323]
[51934]
[51219, 323]
[51715, 323]
[52228]
[52431]
[53333]
[52187]
[51199]
[51616]
[52351]
[51199]
[51616]
[52351]
[47723]
[55246]
[51539, 323]
[55191]
[51778]
[52060]
[48464]
[52069, 323]
[52019]
[55201]
[51263]
[51969]
[52989, 323]
[52050, 323]
[51838, 323]
[52572]
[51802, 323]
[48721]
[52891, 323]
[53667]
[52543]
[52194]
[52389]
[52881]
[51708]
[52308, 323]
[56347]
[52069, 323]
[52019]
[55201]
[51263]
[52989, 323]
[52050, 323]
[51969]
[52948]
[48463]
[53292]
[51631]
[55220]
[51827]
[51574, 323]
[51935]
[55197]
[52960]
[52336, 323]
[53292]
[52239]
[52488, 323]
[53633]
[51284]
[52141]
[54812]
[54745]
[48942]
[54859]
[51567]
[52509, 323]
[52328]
[52915]
[55198]
[51406]
[50483]
[48642]
[54751]
[53702]
[54986]
[52972]
[48970]
[53261]
[54988]
[54744]
[54981]
[52142]
[55216]
[51997, 323]
[52281]
[48462]
[55212]
[52172]
[53694]
[51338]
[52215, 328]
[55213]
[55015]
[52072]
[54824]
[52541]
[48717]
[53468]
[52209, 323]
[52241]
[51973, 323]
[53574]
[55058]
[55211]
[56328]
[51208]
[52541]
[48717]
[53468]
[52241]
[52209, 323]
[51973, 323]
[53574]
[55058]
[55211]
[56328]
[51208]
[55085]
[52810]
[51577]
[55207]
[52000]
[52578, 323]
[48461]
[52947]
[54775]
[55203]
[52405]
[54992]
[55154]
[52971]
[52452, 323]
[53522]
[52014]
[52483, 323]
[52978]
[48298]
[51332]
[51907]
[52965, 323]
[52672]
[51933]
[52792]
[54826]
[55219]
[55027]
[51675, 327]
[51204, 323]
[51837, 323]
[53699]
[56326]
[48379]
[55008]
[52374, 327]
[55204]
[48460]
[53651]
[51375]
[56346]
[55019]
[55030]
[56344]
[53543]
[51957]
[55011]
[51218]
[55037]
[52186]
[52778, 323]
[52049, 323]
[51538, 323]
[55061]
[51801, 323]
[53631]
[51978, 323]
[51228]
[51215, 323]
[50453]
[55023]
[51217]
[52440]
[54983]
[52430]
[52056, 323]
[52327]
[52335, 323]
[54983]
[52430]
[52056, 323]
[52327]
[52335, 323]
[52946]
[48459]
[51405]
[55040]
[47510]
[51831]
[51525]
[54993]
[52963]
[53096]
[52273]
[51777]
[52307, 323]
[54779]
[52068, 323]
[51373]
[55039]
[51561]
[52238]
[49903]
[52250, 323]
[48489]
[52593]
[52824, 323]
[51399]
[51714, 323]
[51797]
[51562]
[52594]
[53581]
[55005]
[51545]
[51405]
[55040]
[47510]
[55005]
[48458]
[52197]
[55028]
[52531]
[55038]
[52889, 323]
[52245]
[51198]
[52240]
[52132]
[48229]
[55169]
[51972, 323]
[53291]
[52011, 327]
[55012]
[51706]
[52214, 328]
[53540]
[51630]
[55031]
[52577, 323]
[56306]
[49203]
[54728]
[52459, 323]
[51855, 323]
[53573]
[51808]
[52133]
[55044]
[53693]
[52166]
[52890]
[51573, 323]
[54852]
[55013]
[51401]
[52500]
[53693]
[52166]
[52890]
[54852]
[55013]
[51401]
[52500]
[51559, 323]
[54800]
[55010]
[52482, 323]
[48457]
[52945]
[50440]
[52934]
[53382]
[52977]
[51301]
[52708]
[53538]
[52657, 327]
[52964, 323]
[52968]
[52208, 323]
[52763]
[51932]
[52791]
[51331]
[51674, 327]
[52151]
[56324]
[52745]
[49529]
[51835, 323]
[50439]
[53697]
[52886]
[51403]
[52487, 323]
[52373, 327]
[53382]
[52977]
[51301]
[52708]
[53538]
[56322]
[56319]
[56317]
[51976, 323]
[54734]
[52297]
[51262]
[51710]
[51977]
[51861]
[53638]
[53545]
[49316]
[52055, 323]
[56004]
[53545]
[49316]
[52055, 323]
[56004]
[51995]
[53551]
[51971, 323]
[53342]
[51275]
[52429]
[53066]
[51994, 323]
[52303, 323]
[51859]
[53474]
[56003]
[51524]
[52944]
[53572]
[49893]
[53552]
[52880]
[51202, 323]
[52480, 323]
[48670]
[52933]
[52333, 323]
[51203]
[53390]
[52334]
[55975]
[51516]
[53476]
[52207, 323]
[53569]
[51449]
[52656, 327]
[51713]
[51829]
[51903]
[51903]
[49232]
[53652]
[52575, 323]
[52486, 323]
[49893]
[52048, 323]
[53572]
[52237]
[53534]
[52481]
[53259]
[53015]
[51712, 323]
[52349]
[53657]
[53707]
[52450, 323]
[52719]
[48488]
[50552]
[52850]
[53473]
[51629]
[52499]
[51366]
[51875]
[52820]
[52831]
[52165]
[52036]
[51558, 323]
[51673, 327]
[53653]
[52067, 323]
[52932]
[52175]
[51956]
[52249]
[51572]
[52271]
[53613]
[51565]
[51931]
[52931]
[51885]
[51389]
[52674]
[52319]
[53547]
[52790]
[53639]
[52472, 323]
[53612]
[52447, 323]
[52401]
[53548]
[52530]
[51563]
[50650]
[52010, 327]
[53610]
[55832]
[51884]
[47509]
[55831]
[52777]
[51967]
[48722]
[51330]
[52386]
[53611]
[53386]
[53251]
[52986]
[52985]
[53589]
[52277]
[52267]
[52744]
[49883]
[53589]
[52296]
[52277]
[53395]
[52267]
[52744]
[51826]
[51246]
[52443]
[52498]
[51415]
[53407]
[52184]
[53018]
[53187]
[52268]
[52275]
[52236]
[53344]
[53344]
[52943]
[52268]
[52275]
[51988]
[52236]
[52553]
[55642]
[52276]
[53373]
[53583]
[51825]
[48398]
[51337]
[52930]
[53192]
[53201]
[48338]
[51614]
[51824]
[52213, 328]
[53343]
[49991]
[52789]
[53384]
[52655, 327]
[53396]
[51456]
[52767]
[51348]
[52929]
[53297]
[51989]
[51329]
[53195]
[52748]
[53587]
[51536]
[53393]
[52935]
[51300]
[51448]
[52768]
[51911]
[52053]
[55080]
[53584]
[52174]
[48977]
[51912]
[52789]
[53384]
[52655, 327]
[53396]
[51456]
[52819]
[52128]
[52515]
[52066]
[51557]
[51599]
[52295]
[53434]
[52218]
[51775]
[52034]
[53403]
[53065]
[52928]
[52127]
[52743]
[53590]
[52299]
[51707]
[52248]
[53416]
[53401]
[52552]
[53417]
[51830]
[52127]
[52299]
[52034]
[52743]
[53590]
[51707]
[52248]
[53416]
[51570]
[53433]
[55288]
[52516]
[53585]
[51672, 327]
[52164]
[53515]
[49213]
[51388]
[51447]
[53349]
[55078]
[52427]
[48983]
[49682]
[53394]
[53514]
[51955]
[53076]
[52668]
[53591]
[52718]
[48487]
[53341]
[51365]
[51571]
[50551]
[53516]
[51260]
[53385]
[53350]
[53385]
[51365]
[51571]
[53516]
[52718]
[48487]
[51260]
[53350]
[50551]
[52211, 328]
[50520]
[48701]
[52154]
[51328]
[41097]
[50076]
[52927]
[53582]
[51501]
[50463]
[47508]
[52400]
[52855]
[52776]
[53383]
[51464]
[53415]
[52849]
[51496]
[53423]
[52529]
[53092]
[52385]
[53588]
[52008, 327]
[51503]
[51628]
[51915]
[52269]
[49315]
[51605]
[51452]
[47508]
[52400]
[52855]
[52776]
[53383]
[51464]
[53415]
[52849]
[51496]
[53423]
[52529]
[53092]
[47281]
[53649]
[51670, 327]
[47811]
[53078]
[52345]
[53063]
[48993]
[51900]
[51670, 327]
[47811]
[52345]
[52878]
[49057]
[51347]
[53071]
[52266]
[50508]
[51899]
[52442]
[52033]
[52757]
[51697]
[51987]
[51872]
[51521]
[52878]
[49057]
[51347]
[53078]
[52266]
[50508]
[51901]
[52294]
[52442]
[52757]
[51697]
[51872]
[51521]
[52177]
[52183]
[52758]
[53097]
[53080]
[50321]
[52163]
[50649]
[53017]
[51928]
[53028]
[52717]
[48486]
[53014]
[54951]
[51556]
[51917]
[49972]
[53055]
[47945]
[55122]
[52173]
[51298]
[52371, 327]
[51335]
[53067]
[50462]
[51434]
[52065]
[51964]
[51327]
[54950]
[51245]
[49285]
[51535]
[52496]
[52925]
[52775]
[52788]
[52046]
[51299]
[53051]
[52803]
[52235]
[55221]
[52163]
[50649]
[53017]
[52717]
[48486]
[51928]
[53028]
[51457]
[51696]
[51821]
[52924]
[51954]
[53058]
[47667]
[48337]
[52996]
[52987]
[53074]
[52138]
[52247]
[51569]
[53544]
[51821]
[51954]
[53058]
[52924]
[47667]
[48337]
[52996]
[52987]
[53074]
[52138]
[52247]
[51569]
[53544]
[52765]
[52652, 327]
[53081]
[53022]
[53068]
[51926]
[51822]
[49212]
[51336]
[49199]
[53057]
[51953]
[51717]
[51924]
[51326]
[53073]
[53098]
[53089]
[52551]
[53091]
[53130]
[52139]
[53082]
[52527]
[51598]
[51493]
[51495]
[51494]
[51042]
[51923]
[49517]
[51446]
[53101]
[51919]
[51364]
[53009]
[52198]
[51256]
[53086]
[50421]
[49314]
[48396]
[48378]
[52317]
[53052]
[51922]
[50251]
[51923]
[49517]
[51446]
[51919]
[51256]
[51364]
[53009]
[52198]
[50421]
[48396]
[49314]
[52399]
[48378]
[53052]
[52317]
[53123]
[51295]
[51293]
[47280]
[51612]
[52523]
[52550]
[51986]
[52821]
[51274]
[52441]
[52426]
[50600]
[51611]
[52526]
[51252]
[51297]
[51644]
[51668, 327]
[52182]
[52549]
[47539]
[52264]
[52227]
[53422]
[51499]
[53597]
[50549]
[52741]
[52823]
[52425]
[51818]
[52922]
[52525]
[51296]
[51528]
[51661]
[52822]
[47821]
[51739]
[52263]
[52226]
[51325]
[52847]
[53606]
[52846]
[52828]
[51324, 321]
[53596]
[52424]
[51820]
[51986]
[51274]
[51694]
[52523]
[52550]
[52821]
[51489]
[51492]
[51491]
[51597]
[51773]
[52029]
[52064]
[52961]
[52921]
[51243]
[51583]
[51533]
[52492]
[52171]
[52045]
[52491]
[49186]
[49088]
[52292]
[51772]
[52494]
[52716]
[52397]
[52836]
[52876]
[51251]
[51555]
[49313]
[51512]
[49126]
[49100]
[48720]
[47225]
[51534]
[52495]
[52398]
[51445]
[48336]
[49211]
[52721]
[52396]
[52755]
[51320, 321]
[51292]
[52941]
[52756]
[52402]
[51897]
[51323]
[50507]
[52755]
[51320, 321]
[51292]
[52756]
[52402]
[52941]
[52162]
[51781]
[51897]
[49511, 321]
[52816]
[52143]
[48703]
[51321]
[51870]
[51322]
[49029]
[53529]
[52144]
[52920]
[52817]
[52936]
[51896]
[51450]
[51871]
[51041]
[50482]
[48641]
[49970]
[52919]
[51414]
[49099]
[51363]
[51384]
[49710]
[52774]
[52785]
[51909]
[51828]
[52381]
[52787]
[52845]
[50420]
[52383]
[51249]
[51361]
[52196]
[52556]
[48395]
[51382]
[51386]
[49635]
[51908]
[52800]
[51362]
[52316]
[51385]
[51963]
[51910]
[52840]
[52645, 327]
[51451]
[47279]
[52261]
[52841]
[50304]
[50548, 321]
[52916]
[52874]
[52843]
[48403]
[47820]
[49902]
[52837]
[52571]
[52548]
[52917]
[51273]
[52547]
[52875]
[52279]
[52291]
[51985]
[51345]
[51693]
[52814]
[52779]
[52261]
[50548, 321]
[52841]
[52916]
[52874]
[50304]
[52843]
[50557, 321]
[52004]
[52342]
[52395]
[49504, 321]
[52146]
[52914]
[52835]
[53054]
[52395]
[52739]
[51463]
[52340]
[49056]
[51281]
[51815]
[48484]
[51554]
[50557, 321]
[52004]
[52342]
[52393]
[51318]
[51817]
[51080]
[51282]
[52063]
[52393]
[49087]
[47947]
[51532]
[52044]
[51816]
[50688]
[52040]
[52343]
[51319]
[51895]
[49504, 321]
[52146]
[52394]
[52914]
[52835]
[53054]
[51344]
[48394]
[48708]
[49535]
[51869]
[52706]
[49210]
[52422]
[51343]
[52598, 327]
[50460]
[51411]
[51691]
[51770]
[53337]
[52161]
[48669]
[50506]
[53061]
[52753]
[51498]
[49042]
[51692]
[49933]
[51240]
[51782]
[49268]
[48335]
[51610]
[53336]
[52707]
[47517]
[51868]
[49028]
[52423]
[52910]
[51771]
[51413]
[51596]
[51040]
[53276]
[51360]
[49634]
[51454]
[52906]
[52715]
[51728]
[53056]
[52780]
[50383]
[53274]
[51376]
[53275]
[52313]
[51374]
[49706]
[45811, 321]
[52773]
[52784]
[52225]
[52315]
[51380]
[52907]
[52903]
[51379]
[51359]
[52203]
[52909]
[51727]
[50547, 321]
[53272]
[51317]
[51377]
[51455]
[52904]
[51542]
[49233]
[50319]
[52782]
[53077]
[47911]
[52224]
[52314]
[53059]
[53090]
[52783]
[52940]
[51381]
[53273]
[52905]
[48483]
[49312]
[51378]
[52407]
[51277]
[52416]
[52414]
[52408]
[52415]
[51276]
[52412]
[52409]
[52417]
[52406]
[52413]
[51113]
[51278]
[52407]
[51277]
[52416]
[47278]
[51170, 320]
[49125]
[51173, 320]
[47979, 320]
[50361]
[51167]
[51174, 320]
[51169]
[49041]
[50303]
[51748]
[51172]
[51159, 320]
[51165]
[52202]
[50459]
[51272]
[51158]
[51303]
[51168, 320]
[51171]
[52178]
[49027]
[51768]
[51155, 320]
[52714]
[51424]
[49209]
[49055]
[51424]
[49209]
[52714]
[49055]
[51238]
[50607, 320]
[51160]
[51162]
[51519]
[49098]
[51531]
[47819, 320]
[51290]
[50562, 321]
[51769]
[50538, 321]
[48873]
[52160]
[51425]
[52885]
[52544]
[50687]
[51511]
[51316]
[48300]
[51423]
[50206]
[52813]
[52884]
[51914]
[51334]
[51147, 320]
[49267]
[52772]
[52545]
[50443]
[48092]
[51422]
[48393]
[50318]
[52812]
[51444, 320]
[50579]
[50606, 320]
[47516]
[50586]
[52885]
[50505]
[51150]
[51746]
[52542]
[50556, 321]
[49932]
[45810, 321]
[48091]
[51039]
[51354]
[48699]
[51143, 320]
[51356]
[51118]
[51141]
[50382]
[52750]
[52975]
[51867]
[52222]
[51352]
[52962]
[51355]
[50344]
[51138]
[51137, 320]
[51136]
[51566]
[47978, 320]
[51139]
[52752]
[52976]
[47818, 320]
[51140]
[49311]
[52223]
[51595]
[47277]
[51091]
[51145]
[45801]
[51340]
[51085]
[48042]
[48847]
[52324]
[48907, 320]
[50537, 321]
[51082]
[49834]
[48365]
[49176]
[51550, 320]
[48365]
[50302]
[49532]
[48400]
[48606]
[51765]
[51081]
[50458]
[47809]
[48341]
[51086, 320]
[51341]
[52259]
[49861]
[51087, 320]
[50546, 321]
[52438]
[49175]
[51065, 320]
[49390]
[49085]
[51063, 320]
[52257]
[45809, 321]
[50561, 321]
[51412]
[49837]
[50605, 320]
[51068]
[51688]
[49783]
[51443]
[52258]
[50317]
[47997]
[51069]
[50406]
[48924, 320]
[49931]
[52873]
[50317]
[47997]
[50406]
[48924, 320]
[51069]
[49931]
[52873]
[48392]
[47826]
[51420]
[51078, 320]
[51892]
[51064, 320]
[49238]
[51315]
[51067, 320]
[49820]
[52234]
[47817]
[48421]
[50317]
[47997]
[51079]
[48548]
[49124]
[49795]
[48087]
[49208]
[51055, 320]
[50604, 320]
[48100]
[51060, 320]
[51057]
[51053]
[51056]
[50212]
[50588]
[51058]
[47515]
[48088]
[47515]
[48088]
[48548]
[47765]
[49124]
[48225]
[49795]
[49208]
[51055, 320]
[48482]
[50604, 320]
[51056]
[51057]
[51053]
[49187]
[49633]
[47977, 320]
[51102]
[51116]
[49704]
[49809]
[50788]
[50603, 320]
[51024]
[49201]
[50555, 321]
[50686]
[50233]
[51048]
[48966]
[51050]
[45808, 321]
[49297]
[49703]
[51051]
[51052]
[50316]
[48284]
[50381]
[49832]
[53277]
[53271]
[51586]
[51594]
[48101]
[50978, 319]
[50780]
[48781]
[50981]
[48086]
[50985]
[51096]
[50982, 320]
[47816]
[50519]
[50986]
[50984]
[47276]
[46403]
[48085]
[50986]
[47276]
[46403]
[48085]
[48947]
[49053]
[48906]
[49782]
[50906]
[51090]
[51123]
[49528]
[49123]
[48030]
[50977, 320]
[50442]
[50976, 320]
[49930]
[50602, 320]
[49180]
[45807, 321]
[49537]
[49899]
[47976, 320]
[50975]
[51021]
[48228]
[48391]
[50301]
[49528]
[49123]
[48030]
[50977, 320]
[50442]
[48846]
[50973]
[49185]
[50972]
[50380]
[50545, 321]
[48292]
[47934]
[47779]
[49198]
[45799]
[50949]
[50601, 320]
[50974]
[50597]
[50473]
[48905]
[49781]
[49503]
[50359]
[50963, 321]
[49207]
[48987]
[48923, 320]
[49039]
[47935]
[49198]
[50963, 321]
[45799]
[50601, 320]
[50597]
[50473]
[47514]
[51092]
[49929]
[50211]
[50314]
[48982]
[49265]
[49700]
[45806, 321]
[50599, 320]
[50345]
[48732]
[48390]
[50503]
[51097]
[49929]
[50211]
[50314]
[48982]
[49265]
[49700]
[45806, 321]
[50599, 320]
[47514]
[50345]
[50653]
[49228, 320]
[48481]
[50962, 321]
[49192]
[50965]
[49631]
[51023]
[51119]
[49698]
[48729]
[49084]
[51031]
[51121]
[48333]
[51035]
[49892]
[50970]
[50966]
[50544]
[50961]
[48975]
[49696]
[47996]
[48592]
[51120]
[50694]
[50964]
[49826]
[50948]
[47275]
[50904]
[48780]
[48922, 320]
[48029]
[49524]
[47984]
[48519, 320]
[48090]
[50096]
[48125]
[48813]
[50956, 321]
[48872]
[48638, 319]
[50456]
[48363]
[49855]
[50300]
[47815]
[48726]
[48089]
[48623]
[48041]
[49534]
[50957]
[51028]
[50955, 321]
[48389]
[48252]
[49206]
[49052]
[49038]
[50210]
[46558]
[48535]
[49144]
[50575]
[48047]
[48535]
[48047]
[49144]
[50575]
[50959]
[49838]
[49227, 320]
[48904]
[50379]
[48684]
[46926]
[50236]
[50960, 321]
[50928, 319]
[51022]
[47475]
[50830]
[51410]
[49284]
[48640]
[45805]
[50616]
[49231]
[47814]
[48071]
[49024]
[50947]
[49531]
[48622, 319]
[49096]
[50954, 321]
[47513]
[49780]
[48312]
[51017]
[48921, 320]
[49928]
[50951]
[48070]
[50502]
[49264]
[49284]
[48640]
[50953]
[49300]
[50950]
[48683, 319]
[49694]
[50174]
[50988]
[50224]
[47824]
[49530, 319]
[48591, 320]
[50693]
[48692]
[49888]
[49122]
[49310]
[50595]
[49122]
[50693]
[48692]
[49310]
[49888]
[50595]
[48845]
[50771, 319]
[47974]
[49630]
[47538]
[47995]
[49388]
[50917]
[47274]
[50903]
[48978]
[48388, 319]
[49226]
[48903]
[49901]
[47813]
[50927, 319]
[49263]
[48546]
[48332]
[49526, 319]
[50512]
[54440]
[48555]
[47932]
[48637, 319]
[48779]
[48289]
[50209]
[42682]
[49248]
[49822]
[47983]
[48871]
[50282]
[48534]
[50261]
[48978]
[48388, 319]
[48984]
[49226]
[48288]
[48903]
[49779]
[48812]
[49854]
[48920]
[54114]
[51015]
[48667]
[48533]
[49299]
[50299]
[49806]
[49854]
[48533]
[51015]
[50299]
[48667]
[49299]
[49262]
[49806]
[46008]
[47973]
[50943]
[49051]
[48282]
[49037, 319]
[49520]
[49378]
[48800, 319]
[48691]
[48028]
[50594]
[50574]
[48870]
[50501]
[50939]
[49927]
[49134]
[48621, 319]
[53959]
[50931]
[48311]
[50932]
[45804, 319]
[49247]
[47812]
[48590]
[50378]
[48691]
[48028]
[50594]
[48554]
[48311]
[50931]
[50932]
[47676]
[48044]
[49692]
[50926, 319]
[49205]
[50223]
[48844]
[50938]
[46194]
[50692]
[49711]
[50053]
[49121]
[49309]
[50681]
[49527]
[49629]
[48044]
[48844]
[49692]
[50926, 319]
[49205]
[50223]
[50938]
[46194]
[50692]
[49711]
[50053]
[49121]
[49309]
[50681]
[49527]
[49629]
[47533]
[50895, 319]
[48227]
[50937]
[48399]
[50652]
[48690]
[50895, 319]
[50916]
[49516]
[48111]
[54477]
[47772]
[48636]
[49225]
[47936]
[48224]
[48639]
[50748]
[50298]
[48227]
[50937]
[48387, 319]
[50618]
[48111]
[47772]
[48636]
[50454]
[47936]
[48224]
[50944]
[47273]
[50405]
[49036, 319]
[48859]
[47480]
[47665]
[48901]
[45963]
[48605]
[48361]
[50892, 319]
[48327, 319]
[50173]
[47665]
[50892, 319]
[45963]
[48605]
[48361]
[49261]
[48327, 319]
[50173]
[50409]
[48620, 319, 336]
[48778]
[49298]
[50893, 319]
[50902]
[48951]
[48331]
[50891, 319]
[48799, 319]
[48681, 319]
[50207]
[50769, 319]
[49120]
[47972]
[50592]
[49094]
[48811]
[47940]
[49009]
[48919]
[54113]
[50935]
[49522, 319]
[50573]
[48951]
[48799, 319]
[48331]
[47941]
[49808]
[50891, 319]
[48681, 319]
[49808]
[50050]
[48343]
[48027]
[49246]
[50889, 319]
[53958]
[49022]
[49598]
[48553]
[49035]
[49008]
[48386, 319]
[50911]
[47775]
[49926]
[48619, 319]
[50111]
[48968]
[47982]
[49790]
[48027]
[49900]
[53958]
[50535]
[49022]
[50890]
[48360, 319]
[49035]
[48310]
[48386, 319]
[50852, 319]
[48589]
[50733]
[50854]
[50752]
[47993]
[50276]
[48727]
[49688]
[49523]
[49461]
[49687]
[49677]
[50887, 311]
[49204]
[50221, 311]
[49296]
[50907]
[46662]
[50691]
[49628]
[49386]
[49308]
[50277]
[49081]
[49191]
[49689]
[50768, 319]
[49007]
[48855]
[49518, 319]
[47971]
[49676]
[48918]
[50934]
[50235]
[50915]
[47272]
[50172]
[48790]
[50583]
[49224]
[47579]
[49776]
[49093]
[49831]
[48552]
[48048]
[54438]
[50433]
[48635]
[49260]
[48777]
[45802]
[50572]
[49509]
[50848, 319]
[49046]
[50850, 319]
[49513]
[50849]
[49519]
[47822]
[50323]
[50901]
[54476]
[50205, 311]
[49833]
[49245]
[48842]
[50434]
[50110]
[47823]
[49925]
[50591]
[49913]
[48771]
[49385]
[49049]
[48330]
[47951]
[48854]
[48900]
[49034]
[48753]
[48680]
[48385, 319]
[50736]
[48279]
[48680]
[48385, 319]
[48854]
[48753]
[50736]
[48279]
[48688]
[47916]
[48798, 319]
[50014]
[47943]
[49512, 319]
[50044]
[50296]
[48291]
[50499]
[50728]
[50377]
[48280]
[48326, 319]
[48309]
[48810]
[50862]
[50534]
[48290]
[50343]
[50531]
[48531]
[50049]
[48989]
[48618, 319]
[50750]
[49021]
[48789]
[50257]
[45834]
[49119]
[48551]
[48291]
[49259]
[48789]
[50257]
[45834]
[49119]
[48551]
[49259]
[47615]
[50851, 319]
[50701]
[49684]
[47992]
[49254]
[48129]
[49686]
[48026]
[47970]
[49465]
[49505, 319]
[49515]
[50747]
[50732]
[47748]
[49627]
[48588]
[50590]
[48770]
[49384]
[50587]
[49969]
[49685]
[50022]
[49080]
[49821]
[50452]
[49489]
[48518]
[49202]
[47615]
[50701]
[50851, 319]
[49254]
[47271]
[48402]
[50530]
[50518]
[50900]
[54475]
[49506]
[49912]
[50790]
[49789]
[49223]
[50696]
[48072]
[48325, 319]
[48725]
[48384, 319]
[48867]
[48986]
[48617, 319]
[48867]
[45888]
[50369]
[47950]
[48358]
[48617, 319]
[54691]
[50019]
[50052]
[48769]
[50713]
[54437]
[49092]
[48073]
[48634]
[48776]
[49243]
[47810]
[49678]
[50062]
[47810]
[49678]
[48985]
[48687]
[48419]
[49324]
[48797]
[48981]
[50608]
[49624]
[49498, 319]
[50392]
[48377]
[49626]
[48853]
[50010]
[54111]
[50064]
[50765, 319]
[50171]
[48286]
[50013]
[50735]
[48025]
[48718]
[50589]
[49401]
[49623]
[45800]
[47969]
[50376]
[45776]
[49625]
[48899]
[48916]
[49033]
[48679]
[48809]
[48604]
[49048]
[49130]
[48616]
[50749]
[50727]
[50426]
[50126]
[50349]
[49713]
[48707]
[50009]
[50024]
[50533]
[48067]
[50498]
[48990]
[49242]
[50295]
[49258]
[50427]
[47740]
[49924]
[53956]
[49020]
[49993]
[49256]
[48066]
[49774]
[48383, 319]
[48768]
[48550]
[47465]
[48308]
[50846]
[48587]
[48530]
[49502]
[48788]
[47746]
[50293]
[48536]
[48302]
[47229]
[47991]
[49620]
[48808]
[49005]
[47968]
[48278]
[49491, 319]
[50744, 319]
[48915]
[49886]
[49045]
[48536]
[50746]
[47980, 311]
[46165]
[50840]
[49962]
[50731]
[50840]
[49962]
[48517]
[49200]
[48733]
[49269]
[50742]
[50028]
[37660]
[47991]
[49620]
[50698]
[47968]
[49491, 319]
[49508]
[50744, 319]
[48302]
[48915]
[47229]
[50746]
[49719]
[48169]
[46192]
[50471]
[50577]
[50695]
[46968]
[50478]
[49371]
[45798, 311]
[49923]
[50312]
[48749]
[47929]
[48329]
[50375]
[49721]
[50468]
[48283]
[48529]
[49847]
[46798]
[49241]
[54474]
[48018]
[50718]
[50043]
[50309]
[49400]
[47928]
[48787]
[47458]
[50391]
[47589]
[49722]
[48382]
[48247]
[47270]
[47939]
[50719]
[50467]
[49047, 311]
[50719]
[49773]
[48357]
[47939]
[50642, 319]
[49499]
[48807]
[50308]
[49405]
[54436]
[50001]
[39992]
[48782]
[49730]
[50016]
[48633]
[49287]
[49222]
[49813]
[49911]
[48549]
[47938]
[49727]
[48832]
[48418]
[46395]
[50368]
[50061]
[50578]
[47473]
[48866]
[49032]
[50342]
[47805]
[48686]
[50388]
[49044]
[48678]
[50739]
[49369]
[50723]
[48024]
[50580]
[49788]
[48852]
[47915]
[54690]
[48796]
[50743]
[50063]
[50066]
[49240]
[50722]
[50372, 311]
[50720]
[50466]
[47804]
[50072]
[47778]
[48898]
[50387]
[54119]
[50485]
[50307]
[50032]
[48102]
[50390]
[48039]
[50070]
[49922]
[49129]
[50058]
[47805]
[48324]
[49992]
[45832]
[48547]
[50654]
[48865]
[50710]
[50494]
[49257]
[50656]
[49495]
[48698]
[50292]
[47588]
[49736]
[47967]
[50169, 311]
[50012]
[47675]
[50492]
[50348]
[50581]
[40597]
[49825]
[49195]
[47614]
[49735]
[50683]
[50709]
[50493]
[50655]
[48698]
[47675]
[49992]
[47588]
[50169, 311]
[49738]
[49470]
[50366]
[40597]
[50008]
[50023]
[48615]
[48528]
[50000]
[45832]
[48547]
[49738]
[50654]
[49470]
[50396]
[50366]
[50008]
[50306]
[50023]
[47637]
[48615]
[48528]
[47659]
[50740]
[49501]
[49570]
[50029]
[49543]
[49059]
[47659]
[50740]
[49501]
[49570]
[49543]
[50144]
[49059]
[48586]
[49572]
[50464]
[47167]
[47990]
[49823]
[49043]
[48235]
[50305]
[47808, 317, 311]
[49078]
[50684]
[49464]
[48126]
[50682]
[46956]
[50026]
[49573]
[49463]
[49382]
[49117]
[48914]
[48299]
[50832]
[49004]
[47296]
[50569]
[48031]
[48038]
[49757]
[47739]
[47474]
[49617]
[49947]
[49910]
[47089]
[49617]
[50474]
[48083]
[48786, 311]
[48831]
[50367]
[47807]
[46872]
[49616]
[48031]
[48381]
[50441]
[48038]
[48614]
[47739]
[48023]
[49761]
[48381]
[50441]
[49365]
[48614]
[49488]
[48023]
[49761]
[48943]
[47505]
[48565]
[49756]
[48084]
[48655]
[50657]
[50487]
[48806]
[50640]
[54435]
[49615]
[48032]
[50011]
[39923]
[49017]
[48632]
[49618]
[49221, 311]
[48693]
[47966]
[47295]
[49742]
[49090]
[48897]
[50244]
[54118]
[47930]
[50031]
[49816]
[48766, 311]
[49673]
[54145]
[49766]
[48226]
[50347]
[50069]
[50570]
[50469]
[42391]
[50057]
[49031, 311]
[49740]
[46954]
[47719]
[48685]
[49718]
[48677]
[47931]
[50435]
[50074]
[50245]
[48356]
[49816]
[48766, 311]
[49673]
[54145]
[49766]
[50469]
[42391]
[50347]
[50057]
[50069]
[50570]
[46954]
[49031, 311]
[47719]
[48685]
[49740]
[47931]
[50435]
[49718]
[48677]
[49295]
[47294]
[50831]
[50793]
[49583]
[50285, 311]
[49726]
[50794]
[46994]
[49921]
[46905]
[50286]
[47612]
[47965]
[47727]
[50338]
[48323]
[48613]
[48545]
[48250]
[47965]
[46994]
[46905]
[50338]
[48613]
[47727]
[48323]
[48545]
[49811]
[48527]
[48250]
[49364]
[53954]
[49724]
[49772]
[54689]
[46989]
[49018, 311]
[48037]
[50015]
[50792]
[46871]
[49943]
[47764]
[49671]
[50438]
[45774]
[50288]
[50816]
[50068]
[47989]
[49294]
[47293]
[47587]
[50472]
[49830]
[47985]
[50033]
[48515]
[46886]
[49381]
[49116]
[47169]
[48896, 311]
[48913, 311]
[50150]
[48585]
[50346]
[50056]
[48965]
[50230]
[48765]
[49746]
[47924]
[49768]
[49828]
[49077, 311]
[46359]
[47587]
[50472]
[49746]
[48965]
[50230]
[49768]
[49828]
[47924]
[49077, 311]
[49750]
[46359]
[48676]
[49293]
[47292]
[46492]
[47912]
[50246]
[48818]
[50045]
[49612]
[48564]
[50060]
[48654]
[50278]
[48068]
[50067]
[54434]
[49614]
[49220]
[48322]
[49771]
[48130]
[48912]
[49946]
[48955]
[46442]
[49850]
[47504]
[49366]
[47603]
[50779]
[49853]
[50415]
[48036]
[49611]
[47456]
[48863]
[47913]
[49343]
[47923]
[49237]
[43294]
[50247]
[49613]
[48069]
[42681]
[49849]
[48731]
[48612]
[48015]
[48198]
[47252]
[50067]
[48198]
[47291]
[49292]
[46133]
[48022]
[50414]
[46953]
[49857]
[49714]
[50055]
[50123]
[49859]
[48594]
[48747]
[49716]
[47771]
[50120]
[48793]
[50073]
[49714]
[50123]
[48675]
[49859]
[49716]
[49379]
[54117]
[47771]
[48793]
[50073]
[50037]
[46597]
[54144]
[49063]
[48830]
[50181]
[48128]
[50188]
[50003]
[50400]
[49016]
[49486]
[46793]
[46134]
[50006]
[49103]
[49858]
[48584]
[49715]
[48022]
[47290]
[49648]
[48611]
[46063]
[49942]
[50407]
[47964]
[49920]
[53953]
[48850]
[47531]
[49595]
[50104]
[49862]
[48035]
[49649]
[45959]
[49362]
[50403]
[49864]
[49650]
[49196]
[46188]
[50408]
[49988]
[48817]
[49996]
[46262]
[49409]
[49919]
[46934]
[50412]
[50398]
[49642]
[50734]
[46993]
[47674]
[49597]
[48526]
[49916]
[49863]
[49651]
[50753]
[48911]
[45830]
[47738]
[50402]
[49641]
[49115]
[49785]
[49648]
[46063]
[50407]
[48611]
[49942]
[48850]
[47964]
[46261]
[49920]
[50411]
[53953]
[49322]
[47289]
[49484]
[48784]
[49644]
[50416]
[49965]
[47586]
[49656]
[49786]
[49961]
[54688]
[50198]
[48784]
[49644]
[49564]
[49965]
[50416]
[47988]
[49584]
[47586]
[49647]
[49656]
[49578]
[49552]
[48238]
[49967]
[46960]
[50122]
[49581]
[50227]
[48764]
[48583]
[50082]
[49941]
[42280]
[47121]
[49968]
[49659]
[54688]
[49462]
[49644]
[49562]
[47749]
[49786]
[48784]
[47988]
[49961]
[49584]
[47749]
[49786]
[48764]
[49961]
[50198]
[49564]
[54688]
[49965]
[48784]
[49644]
[50416]
[47586]
[49656]
[47988]
[48238]
[49584]
[49967]
[46960]
[49647]
[49578]
[50122]
[48666]
[49586]
[47288]
[50059]
[48096]
[48875]
[49566]
[49610]
[49363]
[50620]
[48563, 317]
[49568]
[49219]
[46143]
[49282]
[46559]
[49607]
[49342]
[48496]
[49219]
[49568]
[46143]
[49282]
[46559]
[49607]
[49342]
[49609]
[48496]
[48862]
[48075]
[49565]
[49194]
[50176]
[50187]
[48249]
[49567]
[42752]
[49894]
[47287]
[48447]
[48653, 317]
[48320, 317]
[46830]
[43487]
[48354]
[49575]
[47987]
[48251]
[49549]
[49998]
[49652]
[54433]
[50080]
[49577]
[49995]
[50121]
[49884]
[49551]
[50051]
[47737]
[48014]
[48186]
[48570]
[49571]
[50081]
[49824]
[46933]
[48040]
[49548]
[50002]
[47455]
[48829]
[46870]
[48320, 317]
[47963]
[46830]
[50004]
[49550]
[50115]
[47455]
[48829]
[48570]
[48320, 317]
[46830]
[46933]
[48653, 317]
[49548]
[48354]
[50002]
[48251]
[49575]
[46870]
[47963]
[50004]
[49550]
[50115]
[47286]
[49653]
[50175]
[50077]
[48261]
[49604]
[46925]
[48021]
[49848]
[54143]
[50079]
[49606]
[43486]
[49281]
[46276]
[49653]
[50175]
[48559]
[48861]
[48674]
[49601]
[48033]
[49655]
[49958]
[33071]
[47767]
[46952]
[49654]
[48109]
[43308]
[49602]
[49416]
[48874]
[48816]
[47376]
[54116]
[50077]
[48261]
[49604]
[46925]
[48021]
[49848]
[54143]
[49416]
[49604]
[48874]
[54116]
[48816]
[47285]
[47153]
[48804]
[49547]
[49560]
[47092]
[50195]
[48342]
[49372]
[47745]
[50197]
[47986]
[45927]
[49374]
[48803]
[48513, 315]
[49589]
[50726]
[47721]
[49350, 317]
[49015]
[49544]
[49557]
[48405]
[49591]
[46732]
[48569]
[48408]
[49846]
[49546]
[49559]
[50219]
[47585]
[53952]
[47030]
[50093]
[50196]
[45796]
[49373]
[47962]
[48610]
[49556]
[46017]
[49375]
[49590]
[48763, 317]
[48745]
[49360]
[49545]
[49558]
[49553]
[48237]
[46959]
[49592]
[47284]
[45911]
[46341]
[47800]
[42480]
[47577]
[47799]
