[21478, 1011109]
[22253, 1009351]
[21466, 1011010]
[25321]
[59539]
[1749, 1009156, 1009197, 1009243, 1009313, 1009349, 1009417, 1009447, 1009546, 1010969, 1010975, 1010976, 1010979, 1009636, 1009718]
[4990]
[16234, 1009220, 1009535, 1010740]
[16243]
[428]
[27238, 1009368, 1009718]
[59527]
[37529]
[37505]
[1994, 1009156, 1009197, 1009243, 1009313, 1009349, 1009417, 1009447, 1009546, 1010969, 1010975, 1010976, 1010979, 1009636, 1009718]
[1003]
[59543]
[16236, 1009220, 1009252, 1009228, 1010898]
[15094]
[59557]
[428]
[21474, 1011109]
[38020, 1009191, 1009610]
[21462, 1011010]
[1158, 1010908, 1010911, 1010913, 1010917, 1011131, 1011005, 1010933, 1010946, 1010943, 1011007, 1010963, 1010966, 1010971, 1010978, 1011025, 1009689, 1010992]
[21471, 1011010]
[4990]
[183, 1009351]
[37534]
[16236, 1009220, 1009252, 1009228, 1010898]
[59539]
[1886, 1009156, 1009197, 1009243, 1009313, 1009349, 1009417, 1009447, 1009546, 1010969, 1010975, 1010976, 1010979, 1009636, 1009718]
[21483, 1011109]
[3627, 1009629]
[59527]
[16229]
[37502]
[16245]
[25582]
[1308, 1009610]
[21464, 1011010]
[59543]
[22098]
[21473, 1011010]
[14534, 1009368, 1009718]
[59557]
[16244, 1009220, 1009356, 1009471, 1009535, 1010791]
[59739]
[1590, 1009156, 1009197, 1009243, 1009313, 1009349, 1009417, 1009447, 1009546, 1010969, 1010975, 1010976, 1010979, 1009636, 1009718]
[38008]
[21485, 1011109]
[25321]
[60017]
[37302]
[16237, 1009220, 1009252, 1010898]
[37504]
[27649, 1009351]
[59559]
[331]
[1749, 1009156, 1009197, 1009243, 1009313, 1009349, 1009417, 1009447, 1009546, 1010969, 1010975, 1010976, 1010979, 1009636, 1009718]
[16233, 1009220, 1009297, 1009368]
[2088]
[21477, 1011109]
[21465, 1011010]
[25320]
[58726]
[384]
[37529]
[59927]
[37505]
[16242, 1009220, 1009228]
[376]
[25856]
[59525]
[21486, 1011109]
[17486, 1009175, 1009243, 1009257, 1009310, 1009508, 1009718, 1009726]
[37497]
[1332, 1009159, 1009164, 1009199, 1009243, 1009271, 1009472, 1009522, 1009629, 1009718, 1009726]
[15808, 1011010]
[16235, 1009220, 1009535]
[25320]
[38020, 1009191, 1009610]
[38041]
[37534]
[16242, 1009220, 1009228]
[376]
[25856]
[59533]
[10511, 1009359, 1009454, 1009610]
[21486, 1011109]
[17486, 1009175, 1009243, 1009257, 1009310, 1009508, 1009718, 1009726]
[1332, 1009159, 1009164, 1009199, 1009243, 1009271, 1009472, 1009522, 1009629, 1009718, 1009726]
[16235, 1009220, 1009535]
[37502]
[21479, 1011109]
[59558]
[21467, 1011010]
[60015]
[20956]
[16244, 1009220, 1009356, 1009471, 1009535, 1010791]
[59548]
[23561]
[38008]
[37302]
[16237, 1009220, 1009252, 1010898]
[37504]
[27649, 1009351]
[21481, 1011109]
[2088]
[21469, 1011010]
[23889, 1009243, 1009247, 1009257, 1009337, 1009368, 1009402, 1009405, 1009434, 1009472, 1009499, 1009546, 1009629, 1009696, 1009718, 1009726]
[59560]
[16230, 1009220, 1009284, 1009356]
[16246, 1009220, 1009475, 1009565, 1010791]
[21474, 1011109]
[21462, 1011010]
[58586]
[16670]
[331]
[59181]
[59524]
[37530]
[16239, 1009220, 1010899]
[37507]
[15808, 1011010]
[61137]
[59551]
[21483, 1011109]
[1689, 1009156, 1009197, 1009243, 1009313, 1009349, 1009417, 1009447, 1009546, 1010969, 1010975, 1010976, 1010979, 1009636, 1009718]
[21471, 1011010]
[50675]
[26620]
[16232, 1009220, 1010740]
[25582]
[37499]
[16248, 1009220, 1009471, 1009552, 1009228]
[28370]
[21476, 1011109]
[21464, 1011010]
[6181, 1014991, 1010922, 1014974, 1011218, 1011203, 1011010, 1011128]
[43092]
[58697]
[41530]
[47409]
[64622]
[61540]
[64518]
[64438]
[60438]
[60610]
[60819]
[64545]
[64520]
[62143]
[64431]
[61297]
[64527]
[62182]
[56939]
[61669]
[64550]
[61540]
[64518]
[64438]
[64406]
[64457]
[64449]
[59325]
[64383]
[64401]
[60590]
[60436]
[64389]
[64396]
[57200]
[61285]
[64408]
[64380]
[64450]
[64417]
[64450]
[64417]
[64400]
[62258]
[64279]
[64292]
[64288]
[64294]
[64277]
[64285]
[64283]
[64293]
[64246]
[64257]
[64270]
[64274]
[64259]
[64269]
[64242]
[64265]
[62135]
[64257]
[64246]
[64270]
[64205]
[64221]
[57834]
[64215]
[62154]
[64209]
[63958]
[63982]
[64212]
[56392]
[61520]
[61127]
[61359]
[64207]
[64214]
[64281]
[64149]
[64142]
[64144]
[64164]
[64286]
[61539]
[64148]
[60609]
[61668]
[64291]
[64160]
[62215]
[64140]
[64156]
[63950]
[64138]
[62120]
[63956]
[64289]
[63994]
[63956]
[64146]
[64166]
[63994]
[63984]
[63981]
[64282]
[61519]
[63967]
[64128]
[62122]
[63990]
[64287]
[63997]
[61762]
[63963]
[63973]
[64276]
[60451]
[60729]
[64276]
[60451]
[57216]
[58972]
[63860]
[63853]
[61028]
[60588]
[60973]
[63851]
[62132]
[60174]
[61358]
[63855]
[63849]
[62235]
[56391]
[63833]
[61730]
[63861]
[61016]
[63863]
[63831]
[62119]
[62243]
[60171]
[60851]
[63844]
[63845]
[63858]
[62204]
[63864]
[60783]
[63753]
[63763, 1009610, 1009699]
[59952]
[61283, 1010808]
[63702, 1009381, 1009387]
[60570, 1009169, 1009220, 1009281, 1009297, 1010726, 1009610]
[59377]
[63817, 1009243, 1009508, 1009472, 1009430, 1009629, 1009726]
[51842, 1010763, 1011299]
[60047, 1009368, 1009585, 1009610, 1009699]
[60728, 1009471]
[63350, 1009165, 1009220, 1010758, 1009368, 1009652]
[63385, 1010774, 1010932, 1009466, 1009468, 1011307, 1011309]
[61075, 1016181]
[61451, 1011227, 1016181]
[63378, 1009351, 1009407, 1009664]
[61608, 1009378, 1011335]
[61761, 1009707]
[60587, 1009262, 1009583]
[61381, 1017576]
[64666, 1009239, 1009262, 1009282, 1009280, 1010671, 1009592]
[60816]
[63719, 1009367]
[61517, 1011299]
[62176, 1009175, 1009365, 1009438, 1009726]
[63825]
[59653, 1011299, 1011265, 1009610, 1010733, 1009652]
[63719, 1009367]
[61517, 1011299]
[62176, 1009175, 1009365, 1009438, 1009726]
[63825]
[59653, 1011299, 1011265, 1009610, 1010733, 1009652]
[63387, 1009268, 1011057, 1009610]
[63379, 1009165, 1010756, 1010701, 1011299, 1009365, 1009726]
[63780]
[63829]
[63210, 1009368, 1010770, 1011032]
[63141]
[63228, 1009268, 1009515]
[62231, 1009652]
[63259]
[63230, 1009262, 1009367, 1009378, 1009215]
[63267]
[57237, 1009220, 1010360, 1010740]
[63223, 1011299]
[61125]
[60718, 1017583, 1011060]
[57158, 1011227]
[63225, 1011197, 1011426]
[60537, 1009276, 1009610]
[60652, 1009299]
[63121, 1009466, 1009726]
[61473, 1009282, 1009714]
[62080]
[63125, 1009165, 1009220, 1009338, 1009359]
[61067]
[61555, 1010324]
[62146, 1011041]
[60558, 1009214]
[61431, 1010370, 1010338, 1010705, 1010803]
[61303, 1011288, 1011426, 1009610]
[60850, 1011227, 1009393, 1009554, 1009709]
[61485, 1009158, 1009262, 1009288, 1009389]
[63141]
[63228, 1009268, 1009515]
[62231, 1009652]
[63259]
[63230, 1009262, 1009367, 1009378, 1009215]
[57237, 1009220, 1010360, 1010740]
[63267]
[63209, 1009368, 1010770]
[62227, 1009185, 1009262, 1009585, 1010733]
[56390, 1010701]
[63069, 1009368]
[60972, 1010782, 1009282, 1009389, 1009608]
[63109]
[63183, 1009362, 1009508]
[63096]
[63176]
[63127, 1009343, 1009359, 1011220, 1009524]
[63102, 1009282, 1009562, 1009610, 1010737]
[55669, 1009592]
[63085, 1009610]
[59349, 1009420]
[63184]
[60727, 1009471]
[63268, 1009508, 1009726]
[57987]
[60955, 1009220, 1009466]
[62152, 1011299, 1009508, 1009552]
[63099, 1011119, 1010932, 1009466, 1011309]
[61729, 1010784]
[61015, 1010329, 1009664]
[63111, 1009187, 1011339, 1010338, 1011061, 1009312, 1011424, 1010705, 1010803]
[63048]
[60586, 1009262]
[62201, 1009338, 1009471, 1010837]
[63188, 1009215]
[63204, 1011060, 1009312, 1010803]
[58971]
[62793, 1011227, 1009277, 1009393, 1009554, 1009705]
[60175, 1009220, 1011347, 1009722]
[63097, 1009365, 1010344]
[60782, 1014873]
[63108]
[61516, 1011299]
[62105, 1009165, 1017575, 1009343, 1009384, 1009610, 1009664, 1009697]
[63071, 1009368, 1010770]
[62959, 1009175, 1009220, 1009415, 1009636]
[61027, 1017577]
[62963, 1009299, 1009486, 1009372, 1009420, 1011241, 1009610]
[63205, 1009277, 1009393, 1009554, 1009705]
[62998, 1009697]
[63269, 1009165, 1009220, 1009338, 1009368, 1011002]
[61087, 1010860]
[62996, 1010787]
[61704, 1009269, 1010365, 1011084, 1009652]
[62101, 1009708, 1009449, 1009610]
[60944, 1017575]
[62923, 1009262, 1009367, 1009378, 1009215]
[61357, 1009610]
[58659]
[63206]
[60511, 1009722]
[60684]
[60457, 1009165, 1010338, 1009368, 1017577, 1017078, 1016181]
[60745, 1011328]
[60815]
[63191, 1009220, 1009359, 1009368, 1009685]
[62255, 1010787, 1009610]
[60606, 1009268]
[61101, 1009356, 1009524, 1009546, 1009707]
[61537, 1010351, 1009583]
[63114, 1009187, 1010682]
[63055, 1011197]
[62116, 1009187]
[63200, 1017583, 1009385, 1017577]
[60440, 1009185, 1009276, 1009389, 1009490, 1009515, 1009610]
[62932, 1009381, 1009387]
[61620, 1009389]
[59641, 1009165, 1017577]
[63070, 1009368, 1009494, 1010770, 1011311]
[63196, 1009187, 1010932, 1009359, 1009466, 1011309]
[63309, 1009610]
[61264, 1009212]
[64364, 1009165, 1009281, 1009417, 1009515, 1009558, 1011265, 1009610, 1009718]
[60585, 1009262, 1010785, 1009215]
[61264, 1009212]
[64364, 1009165, 1009281, 1009417, 1009515, 1009558, 1011265, 1009610, 1009718]
[60585, 1009262, 1010785, 1009215]
[61666, 1010744]
[63169]
[58442, 1010676, 1010868, 1009367, 1010682, 1009577, 1011373]
[59652, 1009220, 1009368, 1016825]
[55730, 1009268, 1009610]
[60536, 1011220, 1009325, 1009590, 1009610]
[63166, 1009184]
[61515, 1011299]
[60050, 1009619, 1009389, 1009490, 1009610]
[63422, 1009391, 1009708, 1009610]
[61638, 1009477, 1017078]
[61450, 1011227, 1017577, 1017078, 1016181]
[61607, 1009262, 1009378, 1009215, 1011335, 1009228, 1010369]
[60475]
[61380, 1009165, 1017575, 1009343, 1009610, 1017576, 1010324, 1009697]
[60428, 1009610]
[63033, 1009368, 1011002, 1009664]
[63169]
[58442, 1010676, 1010868, 1009367, 1010682, 1009577, 1011373]
[63129, 1009268, 1009610]
[59652, 1009220, 1009368, 1016825]
[55730, 1009268, 1009610]
[60536, 1011220, 1009325, 1009590, 1009610]
[63166, 1009184]
[61515, 1011299]
[60050, 1009619, 1009389, 1009490, 1009610]
[63082, 1009406, 1011388]
[62163, 1009329, 1009368, 1009494, 1010324]
[61066]
[60369, 1009608]
[61654, 1009338, 1010837]
[60971, 1009282]
[62246, 1010919, 1010929, 1014995, 1011218, 1014998, 1016825]
[61703, 1009652]
[62817, 1009268, 1009515]
[59348, 1009420]
[62854, 1009165, 1009220, 1009338, 1009562]
[60464, 1011288, 1010683, 1009515, 1011197, 1011426, 1009610, 1014858]
[62163, 1009329, 1009368, 1009494, 1010324]
[61066]
[60369, 1009608]
[60971, 1009282]
[61654, 1009338, 1010837]
[62246, 1010919, 1010929, 1014995, 1011218, 1014998, 1016825]
[61703, 1009652]
[60943, 1017575]
[62817, 1009268, 1009515]
[59348, 1009420]
[62854, 1009165, 1009220, 1009338, 1009562]
[62214, 1011104, 1010747]
[62826, 1011299]
[61529, 1010808]
[62264, 1009417, 1009562, 1010833, 1009714, 1009726, 1010698]
[60605, 1009220, 1009268]
[60683]
[62079]
[62836, 1009220, 1010338, 1009359]
[60744]
[63081, 1009406, 1011388]
[61554, 1009281, 1009299]
[62848]
[60180, 1009184, 1009365, 1011305, 1009438, 1009726]
[62828, 1010743]
[63617, 1010787, 1009610]
[62843, 1010733]
[60849, 1011227, 1009277, 1009554]
[61484, 1009158, 1009288, 1011242]
[56945]
[62140, 1009152, 1009282, 1009714]
[62825, 1009321, 1011299]
[62855, 1009224, 1010735, 1009305, 1011299, 1009365, 1009459, 1009477, 1009592, 1009652]
[61472, 1009282]
[62242, 1009180, 1009480, 1009664]
[60717, 1017583]
[61430, 1011297, 1010338, 1011299]
[64238]
[62134, 1009268]
[62828, 1010743]
[63617, 1010787, 1009610]
[60849, 1011227, 1009277, 1009554]
[61484, 1009158, 1009288, 1011242]
[62843, 1010733]
[56945]
[62140, 1009152, 1009282, 1009714]
[62825, 1009321, 1011299]
[63080, 1009406, 1011388]
[63876]
[62857, 1009713, 1009610, 1009699, 1010990]
[62835, 1009220, 1009258, 1009262, 1009282, 1009359, 1009367, 1009378, 1009215]
[64227, 1016181]
[62832, 1009215]
[60584, 1009262]
[61086, 1010860]
[62833, 1009365]
[57226, 1009515]
[62824, 1011299]
[62820, 1009381, 1009387]
[62829]
[62862, 1010701]
[62857, 1009713, 1009610, 1009699, 1010990]
[62842]
[62835, 1009220, 1009258, 1009262, 1009282, 1009359, 1009367, 1009378, 1009215]
[64227, 1016181]
[62832, 1009215]
[60584, 1009262]
[62833, 1009365]
[57226, 1009515]
[62820, 1009381, 1009387]
[62824, 1011299]
[61579, 1011299, 1010344, 1009652, 1009664]
[61086, 1010860]
[60835, 1009189, 1009619, 1009389, 1009454, 1009610]
[63079, 1009406, 1011388]
[55668, 1009592]
[62813, 1009726]
[61665, 1010744]
[61379, 1009165, 1010324]
[62813, 1009726]
[61665, 1010744]
[61379, 1009165, 1010324]
[62853, 1009239, 1009282, 1009280, 1009720]
[63031, 1009165]
[61356, 1009417, 1009610]
[62823, 1011299, 1010762]
[62859]
[61100, 1009214, 1009268, 1009546, 1009719]
[62838, 1017583, 1009385, 1017577]
[62815, 1009187, 1010682, 1009629]
[62179, 1010338, 1009378, 1009215, 1010682]
[60510, 1009722]
[60604, 1009268]
[60682, 1010808]
[60743]
[61619, 1009389]
[62844]
[62847]
[61026, 1017577]
[61100, 1009214, 1009268, 1009546, 1009719]
[60552, 1009165, 1009471]
[60535, 1011220, 1009325, 1009590, 1009610]
[63078, 1009406, 1011388]
[61449, 1011227, 1017577, 1017078, 1016181]
[61606, 1009378, 1011335]
[61759]
[62194, 1009165, 1009220, 1009215, 1009610, 1009718]
[60045, 1011060, 1011299]
[62841]
[60154, 1009722, 1009726]
[61513, 1011299]
[60781, 1014873]
[63296, 1009220, 1009359]
[63605]
[62127, 1011227, 1017577, 1017078, 1016181]
[61065]
[61281, 1010808, 1009378]
[59640, 1009165]
[61565, 1009367]
[62177, 1009303, 1010743]
[61263, 1009212]
[62849, 1009508, 1009726]
[62822, 1011299]
[60484, 1010373, 1010860]
[62841]
[63431, 1009184]
[60547, 1009276, 1009619, 1009391, 1009610]
[62131, 1010687, 1009262, 1009389, 1011327, 1011028, 1010359]
[60313, 1011057]
[61637, 1009477, 1017078]
[61449, 1011227, 1017577, 1017078, 1016181]
[61606, 1009378, 1011335]
[61759]
[63077, 1009406, 1011388]
[63066]
[62727, 1009165, 1009220, 1017575, 1009535]
[61702, 1009652]
[60572, 1009172, 1009220, 1009535, 1009572]
[61535, 1009583]
[61483, 1009158, 1009288]
[61429, 1010338]
[62726, 1011197]
[62065, 1010744]
[60742]
[58970]
[60161, 1009227]
[59347, 1009420]
[62728, 1009268, 1009277, 1009306, 1009362]
[61553, 1010324]
[56937, 1009365]
[61653, 1009338, 1010837]
[55376, 1009189]
[60496, 1009310, 1009306, 1009362, 1009610, 1009726]
[60929, 1009187]
[62708, 1009268, 1009515]
[60550, 1009165, 1009220, 1011279, 1009685]
[51648]
[61013, 1009387, 1017576]
[60716, 1017583]
[61503, 1009268, 1011041]
[62718, 1009187, 1011339, 1010338, 1011061, 1010705]
[59538, 1009268]
[62723, 1009417]
[61041, 1010351, 1009381]
[62720, 1009508, 1009726]
[62711, 1009554, 1009705]
[63911]
[63076, 1009406, 1011388]
[60901, 1011124, 1014873]
[62990]
[60953, 1009220]
[63553]
[60848, 1011227, 1011105, 1017577, 1009577]
[62955]
[60363, 1009220, 1017575]
[57363, 1009321, 1009236, 1009724, 1009726]
[63750]
[59528, 1009215]
[63736]
[63734]
[63750]
[63751]
[59528, 1009215]
[63736]
[63695]
[61727, 1009220]
[62716]
[56765]
[55267, 1009368, 1009708]
[60603, 1009268]
[61744, 1010787, 1009610]
[63727]
[63449]
[58292, 1011220, 1009552]
[61686, 1010733]
[61025, 1017577]
[62715, 1009184, 1009255, 1009365, 1009438]
[60027, 1009524, 1009562]
[60725, 1009471]
[60801, 1009464, 1009558, 1009610, 1009699]
[60603, 1009268]
[63789]
[61146, 1010763, 1011299, 1010744]
[60151, 1010801, 1009359, 1010744, 1009610, 1009699, 1010740]
[62714]
[57247, 1010360, 1010740]
[63738]
[63752]
[62724, 1010701]
[61025, 1017577]
[60583, 1009262]
[62717, 1009318]
[63713]
[63737]
[61411, 1009187]
[63040]
[63064]
[63037]
[59196]
[62714]
[57247, 1010360, 1010740]
[61025, 1017577]
[60583, 1009262]
[62724, 1010701]
[63075, 1009406, 1011388]
[63276]
[63146]
[61293, 1011299]
[62706, 1009268]
[60755, 1009367, 1009215]
[60981, 1011299, 1009652]
[59189, 1009187]
[61618, 1009389]
[61085, 1010860]
[61355, 1009610]
[60408]
[62707, 1009268, 1009515]
[62934]
[61172, 1010747]
[60434, 1009220, 1009412]
[55667, 1009592]
[61758]
[60897, 1009165, 1009224, 1009384, 1011026, 1009562, 1009641, 1009652, 1009697]
[62920]
[62903]
[62722, 1009362, 1009327, 1009417, 1009726]
[57867, 1009220, 1009359, 1011335, 1009535, 1009552]
[62710, 1009277, 1009393, 1009554, 1009705, 1009709]
[60669, 1010735, 1011299, 1011300, 1009592]
[63013]
[56944, 1009365]
[60942, 1017575]
[60741]
[60780, 1014873]
[62721, 1009187, 1010682]
[63000]
[63015]
[60681, 1010808]
[61471, 1009282]
[62903]
[61293, 1011299]
[57867, 1009220, 1009359, 1011335, 1009535, 1009552]
[62710, 1009277, 1009393, 1009554, 1009705, 1009709]
[55734, 1009268, 1009610]
[60578, 1011299]
[59651, 1016825]
[60478]
[62971]
[61262, 1009212]
[59511, 1009146, 1009165, 1009407, 1009421]
[61448, 1011227, 1017577, 1017078, 1016181]
[60509, 1009722]
[61099, 1009214, 1009268, 1009356, 1009524, 1009546, 1009707]
[61378, 1009165]
[55709, 1016181]
[60952, 1009220, 1009535]
[61280, 1010808, 1009378]
[60456, 1010784, 1009165, 1009224, 1009427, 1009471, 1009571, 1009685]
[61564, 1009367]
[60478]
[55734, 1009268, 1009610]
[62971]
[61262, 1009212]
[59511, 1009146, 1009165, 1009407, 1009421]
[61280, 1010808, 1009378]
[61448, 1011227, 1017577, 1017078, 1016181]
[60509, 1009722]
[61378, 1009165]
[60952, 1009220, 1009535]
[60456, 1010784, 1009165, 1009224, 1009427, 1009471, 1009571, 1009685]
[61564, 1009367]
[61099, 1009214, 1009268, 1009356, 1009524, 1009546, 1009707]
[55709, 1016181]
[60813]
[60495, 1011291, 1009399]
[58327, 1009152, 1009282]
[60695, 1009367]
[62653]
[61652, 1009338, 1010837]
[62653]
[61652, 1009338, 1010837]
[55386, 1009189]
[62652, 1009365]
[62636, 1009268, 1009277]
[60463, 1011288, 1009708, 1011197, 1009610]
[61701, 1010365, 1011084, 1009652]
[60494, 1009504, 1009515, 1009718, 1009726]
[60802, 1009608]
[55334, 1010801, 1010735]
[61428, 1010370, 1010338]
[60670, 1011299, 1009368]
[61552, 1009281]
[61685, 1009262, 1010733]
[55696, 1009165, 1010338, 1017577, 1017078, 1009610, 1016181]
[59600, 1009165]
[62647, 1009508, 1009726]
[57164, 1011227, 1009722]
[60740, 1016181]
[57246, 1010740]
[60520, 1009722, 1009726]
[60372, 1010801, 1010860, 1009648]
[60951, 1009220, 1009412]
[63035, 1009282, 1009515]
[60489, 1009515, 1009718]
[60657]
[55452, 1009243, 1009362, 1009415, 1009472, 1009629, 1009726]
[60715, 1009243, 1017583, 1009309, 1009472, 1009629]
[61482, 1009288]
[61064, 1016181]
[62651]
[60165, 1009268, 1010373, 1010744, 1010860]
[57393, 1009187]
[61309, 1009507]
[51846, 1010763]
[61722, 1009664]
[62646]
[62650, 1009367]
[61169, 1009223]
[58969]
[60372, 1010801, 1010860, 1009648]
[60951, 1009220, 1009412]
[63035, 1009282, 1009515]
[60489, 1009515, 1009718]
[60657]
[55452, 1009243, 1009362, 1009415, 1009472, 1009629, 1009726]
[60715, 1009243, 1017583, 1009309, 1009472, 1009629]
[61482, 1009288]
[61684, 1009262, 1009585, 1010733]
[57224, 1009515]
[60941, 1017575]
[60553, 1009165, 1009368]
[60582, 1009262]
[60634, 1010771]
[61726, 1009268]
[61410]
[60980, 1017574, 1011299]
[61040, 1010351]
[61771, 1009220, 1009262, 1009351, 1009610, 1009664, 1009718]
[61743, 1009610]
[61040, 1010351]
[61771, 1009220, 1009262, 1009351, 1009610, 1009664, 1009718]
[61743, 1009610]
[59990]
[55708, 1016181]
[60629, 1009220, 1009438, 1009610, 1017576]
[56131, 1017577]
[59886, 1009165]
[60864, 1009417, 1009512, 1009726]
[57997]
[59526, 1009610]
[60616, 1009268, 1009277, 1009310]
[61012, 1017576]
[58935, 1010726]
[60941, 1017575]
[61349]
[57951, 1009367, 1009215]
[59345, 1009420]
[61604, 1010338, 1009378, 1009215]
[60549, 1009165, 1009726]
[62637, 1011299]
[60950, 1009220]
[60435, 1009189, 1009262, 1011256, 1009420, 1009451, 1011028, 1009578]
[61617, 1009389]
[60754, 1010755, 1009367, 1009215]
[62077]
[60461, 1009208, 1009241, 1009258, 1009340, 1009415, 1011336, 1011323, 1009591, 1009610, 1009696, 1009726]
[55733, 1009268, 1009610]
[60477]
[56943, 1009365]
[55666, 1009592]
[60576, 1009241, 1009258, 1009281]
[61635, 1010763, 1009477, 1017078]
[60508, 1009313, 1009471, 1009679, 1009722]
[60680, 1009158]
[61470, 1009282]
[60739, 1016181]
[60422]
[61982, 1009365, 1009726]
[61349]
[59639, 1009165]
[62656]
[61447, 1011227, 1017577, 1017078, 1016181]
[61377, 1009165, 1009697]
[61051]
[61300]
[61261, 1009212]
[60628]
[60411, 1009365, 1009726]
[59650, 1016825]
[58501, 1010738]
[61757, 1017583]
[60779, 1014873]
[61167, 1009268]
[61279, 1010808]
[55778]
[60968, 1009282, 1017576]
[62648, 1011227]
[60487, 1009365]
[60602, 1009268]
[61377, 1009165, 1009697]
[59639, 1009165]
[61051]
[61300]
[61261, 1009212]
[60628]
[61427, 1010338]
[62604, 1010756]
[57392, 1009187]
[60632, 1009262, 1009282, 1009288, 1009389, 1009577, 1009648]
[57163, 1011227, 1009722]
[57877, 1009220, 1009648]
[60769, 1010855]
[56942]
[60903, 1009268, 1009718]
[57245, 1010360, 1010740]
[60138, 1009562]
[60293]
[62766, 1009165, 1010799]
[60155]
[60420]
[55451, 1009365, 1009415, 1009726]
[60714, 1017583, 1009282]
[61501, 1010843, 1011041]
[55732, 1009268, 1009472, 1009610]
[60164, 1009262]
[61598, 1009365, 1009726]
[62605, 1009583]
[61481, 1009288]
[62063, 1009391, 1010744]
[61700, 1009652]
[61308, 1009507, 1011426]
[55322, 1011288, 1009610]
[61784, 1009212, 1009262, 1009515]
[61097, 1011090, 1009214, 1009268, 1009365, 1009524, 1009546]
[61833]
[56179, 1009347, 1009608]
[60421]
[60620, 1009268, 1010373]
[60166, 1009282]
[61063, 1016181]
[61651, 1009338, 1010837]
[61551, 1009281]
[59100, 1009268, 1009610]
[60940, 1017575]
[55262, 1009156, 1009362, 1009415, 1009472, 1009629, 1009726]
[59989]
[60863, 1009159, 1009365, 1009581, 1009726]
[60601, 1009220, 1009268]
[60581, 1009262]
[60459, 1009165, 1009220, 1009215, 1009610, 1009608, 1009718]
[57915, 1009282, 1009515]
[61409]
[61109, 1009365, 1011305, 1010335]
[59006]
[60490, 1011198, 1009214, 1009261, 1009471, 1009662, 1009718]
[60738]
[60168, 1017574, 1010338, 1011299, 1009368, 1009508]
[55803, 1011093, 1017576]
[57996]
[60738]
[60168, 1017574, 1010338, 1011299, 1009368, 1009508]
[55803, 1011093, 1017576]
[62588, 1009187, 1011339, 1010338, 1009312, 1010705]
[57996]
[57223, 1009515]
[59920, 1009268, 1011057]
[62587]
[51845, 1010763]
[61039, 1010351]
[57876, 1010906, 1009220]
[60697, 1009159, 1009258, 1009268, 1010890, 1010735, 1009362, 1009367, 1009215, 1009608]
[59215]
[62603, 1009282]
[60627, 1009165, 1010701, 1009303, 1009365]
[55707, 1016181]
[61171, 1009241, 1009258, 1010747]
[61050, 1010794]
[61725]
[60967, 1009282]
[62769]
[61597, 1009365, 1009726]
[62778]
[60368, 1011299]
[62773]
[62764]
[59376]
[61348]
[56130, 1017577]
[61469, 1009281, 1009282, 1009714]
[60619, 1009268, 1010373]
[60220, 1009165, 1010338, 1009368]
[62076]
[62775]
[61292, 1011299, 1009664]
[62781]
[59843]
[62772]
[60656, 1009268]
[62761]
[60551]
[61353, 1009449, 1009610]
[51652]
[61616, 1009389]
[61083, 1010860]
[55385, 1009189]
[62762]
[61721, 1009664]
[60665, 1010925, 1009515, 1009718]
[62759]
[62770]
[57914, 1009282, 1009515]
[62763]
[62777]
[60476]
[62774]
[62602, 1009365]
[61603, 1009378]
[62765]
[60455, 1009309, 1009415, 1009629, 1009726]
[56098, 1017577, 1009577]
[62761]
[60551]
[61353, 1009449, 1009610]
[51652]
[61616, 1009389]
[62762]
[61721, 1009664]
[60665, 1010925, 1009515, 1009718]
[62759]
[62770]
[58968]
[62601, 1009722]
[60886]
[61756]
[60667]
[55777]
[56280]
[55587, 1009452]
[61591]
[54761, 1009385]
[61278, 1010808]
[60488]
[62601, 1009722]
[60310, 1011057]
[61634, 1011353, 1009477, 1017078]
[59638, 1009165]
[61446, 1011227, 1017577, 1017078]
[55784, 1009652]
[55587, 1009452]
[61260, 1009212]
[60470]
[60472]
[62586, 1009268, 1009277, 1010731, 1009365, 1010805, 1009726]
[60519, 1009365, 1009726]
[60533]
[58968]
[60886]
[61756]
[60667]
[60886]
[61756]
[60292]
[62511, 1009268, 1009610]
[59924]
[60574, 1009165, 1010338, 1009368]
[61596, 1009365, 1009726]
[57222, 1009515]
[57244, 1010360, 1010740]
[57449]
[62506, 1009227]
[60768, 1010855]
[57913, 1009282, 1009515]
[60049]
[61307, 1009507]
[62507, 1009165]
[57698, 1009165, 1009252, 1009228, 1010740]
[61177]
[55450, 1009309, 1009629, 1009726]
[56097, 1011227, 1017577, 1009577]
[60556]
[56725, 1009212, 1009262]
[57875, 1009220]
[60599, 1009268]
[55430, 1009282]
[61664]
[61319, 1011057]
[61550, 1009281, 1009368]
[56178, 1009347, 1009608]
[60462]
[60713, 1017583]
[62511, 1009268, 1009610]
[60292]
[59924]
[60574, 1009165, 1010338, 1009368]
[57244, 1010360, 1010740]
[61596, 1009365, 1009726]
[57222, 1009515]
[62678, 1011299, 1010733]
[62075]
[55321, 1009619, 1009610]
[55753]
[60625, 1009165, 1010701, 1009303, 1009365]
[60696]
[59004]
[60939, 1017575]
[60177]
[61108, 1009365, 1011305]
[55787]
[61724]
[62512, 1009312, 1011063]
[61038, 1009185, 1010351]
[60618, 1009268, 1010373]
[60183]
[61682, 1010733]
[61741]
[61716, 1009404, 1009610]
[55899]
[56941, 1009365, 1009610]
[61426, 1010338]
[59004]
[60939, 1017575]
[60177]
[61108, 1009365, 1011305]
[55787]
[61724]
[62512, 1009312, 1011063]
[61038, 1009185, 1010351]
[60618, 1009268, 1010373]
[60183]
[61682, 1010733]
[61741]
[62658, 1011299]
[61096, 1009165, 1009535]
[60448]
[58636, 1010338, 1009325, 1009583, 1016181, 1010860]
[55706, 1016181]
[60862, 1011068, 1009430, 1009554, 1009726]
[61602, 1009378]
[59435]
[55731, 1009268, 1009610]
[61887]
[58706, 1009282, 1009515]
[56211, 1010860]
[60655]
[60491]
[61352, 1009610]
[51651]
[61468, 1009282]
[57874, 1009220, 1011335]
[61595, 1009365, 1009726]
[62062, 1010744]
[56129, 1017577]
[61168]
[57995]
[56724, 1009262]
[57430]
[61291, 1011299]
[55655]
[59598]
[60301]
[57961, 1009367, 1009215]
[60677]
[56096, 1011227]
[61500, 1011041]
[56447, 1009722]
[61650, 1009338, 1010837]
[61096, 1009165, 1009535]
[60448]
[58636, 1010338, 1009325, 1009583, 1016181, 1010860]
[55706, 1016181]
[62638, 1011299]
[61277, 1010810]
[61723]
[60309, 1011057]
[60029, 1009562]
[61375, 1009165]
[61347]
[60418]
[60548]
[60617, 1009268, 1010373]
[59637, 1009165, 1009685]
[55586, 1009452]
[60666]
[57801]
[59888]
[61445, 1011227, 1017577, 1017078, 1016181]
[57912, 1009282, 1009515]
[52696]
[61755]
[60938, 1017575]
[61633, 1009477, 1017078]
[58702]
[60419]
[60623]
[60900]
[56163]
[61720, 1009664]
[60458]
[60247, 1009288, 1014873]
[62630, 1011299]
[60492]
[55449, 1009629, 1009726]
[57390, 1009187]
[57873, 1009220]
[55939]
[62629]
[57911, 1009282, 1009515]
[59380]
[61095, 1009165, 1009535, 1009546]
[57160]
[59648, 1016825]
[61531, 1009583]
[59470]
[60416]
[62061, 1010744]
[61306, 1009507]
[56294]
[61107, 1009184, 1009365]
[62349, 1010338, 1009365, 1009368]
[56294]
[61107, 1009184, 1009365]
[62349, 1010338, 1009365, 1009368]
[56177, 1009608]
[60300]
[57140]
[61467, 1009282]
[58701]
[47339]
[60712, 1011227, 1017583, 1009662]
[61499, 1011041, 1010840]
[52570, 1009268, 1009610]
[60291]
[57234]
[62628]
[55266]
[57371, 1009726]
[57243, 1010360]
[58765]
[59235]
[55775]
[55978]
[55801, 1017576]
[55383, 1009189, 1010740]
[59777]
[61549, 1009281]
[62612, 1011299]
[55320, 1009610]
[51841, 1010763]
[59541]
[61037, 1009185, 1010351, 1009381]
[59531, 1009215, 1010682]
[61698, 1010365, 1011084, 1009652]
[56570, 1017575, 1010682]
[59213]
[57063]
[55752, 1009466]
[59968, 1009268, 1009277, 1010731, 1010805]
[59003]
[55677]
[56797]
[55752, 1009466]
[58861]
[55691]
[59541]
[61037, 1009185, 1010351, 1009381]
[55429, 1009282]
[55320, 1009610]
[51841, 1010763]
[55665, 1009592]
[61698, 1010365, 1011084, 1009652]
[59531, 1009215, 1010682]
[57063]
[61290, 1011299]
[59968, 1009268, 1009277, 1010731, 1010805]
[59213]
[59003]
[55677]
[56474]
[57221, 1009515]
[59541]
[61037, 1009185, 1010351, 1009381]
[59531, 1009215, 1010682]
[61698, 1010365, 1011084, 1009652]
[56570, 1017575, 1010682]
[59968, 1009268, 1009277, 1010731, 1010805]
[59213]
[57063]
[55752, 1009466]
[62610, 1011299]
[55463]
[59225]
[56723, 1009262]
[58635]
[55947]
[55654]
[55805]
[57960, 1009367, 1009215]
[56940]
[57374]
[56723, 1009262]
[55463]
[58635]
[55947]
[55654]
[57960, 1009367, 1009215]
[55805]
[56940]
[57374]
[57910, 1009282, 1009515]
[56210, 1010860]
[61094, 1009165, 1009214, 1009268, 1009288, 1009356, 1009524, 1009546, 1009707]
[62428]
[56162, 1009381]
[62043]
[55904]
[61601, 1009378]
[61276, 1010808]
[56995]
[56245, 1009509, 1009722]
[59987]
[55704, 1016181]
[56095, 1011227]
[61351, 1009708, 1009610]
[51650]
[57343]
[62580]
[59784]
[61374, 1009165, 1009384]
[61632, 1009477, 1017078]
[61859]
[56901]
[59797]
[58937]
[61719, 1009180, 1009664]
[58860]
[61715, 1009610]
[56446, 1009722]
[57865]
[60246, 1009288, 1014873]
[58860]
[56446, 1009722]
[57865]
[60246, 1009288, 1014873]
[61860]
[61346]
[55258]
[62073]
[60308, 1011057]
[60028, 1009562]
[52675]
[55585, 1009452]
[62426]
[57242, 1010360, 1010740]
[57157]
[57983]
[58044]
[56300]
[61772]
[56094, 1011227, 1009187, 1009338]
[61993]
[55382, 1009189]
[57013]
[55576]
[61957]
[61593, 1009365, 1009726]
[61036, 1009219, 1009355, 1010693, 1010860, 1009638, 1009714]
[55809, 1009184, 1009365]
[57310]
[61498, 1010843, 1010879, 1010863, 1011041, 1010840]
[56161, 1009381]
[61328]
[55477, 1011299, 1009610]
[62353]
[59836]
[55448, 1009243, 1009415, 1009472, 1009629, 1009726]
[58993, 1009268, 1009391]
[56128, 1017577]
[58842]
[62409, 1011299, 1010744]
[60992]
[57933, 1009515]
[59847, 1009220, 1010338, 1009365, 1009368, 1016181]
[60037, 1009726]
[55690]
[58700]
[59530, 1009215]
[60711, 1011227, 1017583]
[55255]
[55985]
[61739, 1010788]
[58862]
[52700]
[59647, 1016825]
[55820]
[59977]
[60033]
[57370, 1009156, 1009726]
[60432, 1009184, 1009257, 1009365, 1009726]
[56866]
[57370, 1009156, 1009726]
[59977]
[60432, 1009184, 1009257, 1009365, 1009726]
[56866]
[60004]
[60414]
[59999]
[56593, 1010370, 1010338]
[59601, 1009610]
[60353]
[60993]
[55774]
[57267, 1009187, 1011339, 1010338, 1009312, 1010705]
[61466, 1009282]
[61304, 1011288, 1009507]
[57608]
[56600]
[55781]
[55800, 1017576]
[55808, 1009365]
[61969]
[59877]
[61317, 1011057]
[59701]
[60089]
[55265]
[55653, 1009372]
[56569, 1017575]
[61345]
[60051, 1009159, 1009277, 1011082, 1011068, 1009417, 1009554, 1009726]
[57389, 1009187, 1009215, 1010682, 1009629]
[61365, 1009227]
[57073, 1009185, 1010351]
[61844]
[55920]
[60299]
[56445, 1009722]
[61600, 1009378, 1009215]
[56160]
[56521]
[60051, 1009159, 1009277, 1011082, 1011068, 1009417, 1009554, 1009726]
[60299]
[56445, 1009722]
[61600, 1009378, 1009215]
[55653, 1009372]
[56569, 1017575]
[56521]
[61970]
[57389, 1009187, 1009215, 1010682, 1009629]
[61548, 1009281, 1009662]
[61697, 1009652]
[55740]
[56160]
[55536, 1009368]
[62003]
[59832]
[61406, 1009187]
[59596, 1009165]
[56228, 1009165, 1009214, 1009268, 1009356, 1009524, 1009546, 1009707]
[57717, 1009152, 1009239, 1009282]
[58992, 1009185, 1009268]
[62002]
[59986]
[61170]
[61714, 1011288, 1009610]
[56063, 1009465, 1009512, 1009726]
[56722, 1009262]
[58934]
[59441]
[57993]
[56908, 1009343]
[59698]
[59224]
[56244, 1009722, 1009726]
[52569, 1009268, 1009610]
[57959, 1009185, 1011362, 1009367, 1009215, 1009675]
[59021]
[62565]
[55107]
[61827]
[61350, 1009610]
[55600]
[51649]
[56938]
[55536, 1009368]
[62003]
[59832]
[61406, 1009187]
[59596, 1009165]
[61443, 1011227, 1017577, 1017078, 1016181]
[58441]
[56176, 1009608]
[59845]
[62350]
[61956]
[61648, 1009338, 1010837]
[57908, 1009282, 1009515]
[61858]
[62107]
[53198]
[61373, 1009165, 1017575, 1009343, 1009610, 1017576, 1009697]
[60245, 1009288, 1014873]
[59967, 1009268, 1009277, 1010731, 1010805]
[61968]
[62109]
[57108, 1009562]
[55584, 1009452]
[59635, 1009165]
[59326]
[56176, 1009608]
[57771]
[60653]
[61857]
[62106]
[59697]
[61949]
[57152, 1009610]
[61718, 1009664]
[60431, 1009365, 1009726]
[61967]
[61950]
[62542]
[52568, 1009268, 1009610]
[61875]
[31745]
[61893]
[57302, 1009663]
[61793]
[57711]
[61972]
[57871, 1009220, 1010338, 1009368, 1016181]
[59355, 1011227, 1017583]
[55664, 1009592]
[62057]
[59795]
[57932, 1010808]
[61145]
[56127, 1017577]
[60846, 1009515]
[59646, 1016181, 1016825]
[55368, 1009165, 1017576]
[55374]
[61870]
[57992]
[61988]
[59629, 1009282]
[62481]
[57835]
[52568, 1009268, 1009610]
[61875]
[61893]
[57302, 1009663]
[61793]
[57711]
[55664, 1009592]
[62057]
[61972]
[57871, 1009220, 1010338, 1009368, 1016181]
[59355, 1011227, 1017583]
[61145]
[56127, 1017577]
[59795]
[57932, 1010808]
[60846, 1009515]
[59646, 1016181, 1016825]
[61035, 1009355, 1010693, 1009638, 1009714]
[60243]
[55773]
[61778]
[61894]
[61209]
[62032]
[56038, 1009288, 1009552]
[56282]
[60595, 1009268]
[58683, 1009220, 1010338, 1009368, 1016181]
[61891]
[55476, 1010338, 1011299, 1009508]
[61874]
[61842]
[61145]
[56127, 1017577]
[59795]
[57932, 1010808]
[60846, 1009515]
[59646, 1016181, 1016825]
[58837]
[61965]
[61867]
[57369, 1009726]
[61911]
[62028]
[59853]
[61978]
[57964]
[61364, 1009227]
[57072, 1009185, 1010351, 1009381]
[61795]
[55807, 1009365, 1009368]
[59915]
[58348]
[61987]
[61547, 1009281]
[56021, 1010338, 1009267, 1010701, 1009438, 1010746, 1009583]
[55799, 1017576]
[59462]
[61980]
[61940]
[60430, 1009365, 1009726]
[61892]
[61883]
[58290]
[61215]
[61866]
[61966]
[62027]
[59854]
[59742]
[61979]
[55983]
[61966]
[61868]
[62029]
[59854]
[56243, 1009726]
[59742]
[61979]
[56568, 1009220, 1017575]
[55983]
[55427, 1009282, 1009473, 1011035]
[60302]
[56175, 1009608]
[61316, 1011057]
[61942]
[61836]
[61959]
[56208, 1010860]
[55345, 1010801, 1010828]
[61955]
[55381, 1009189]
[56208, 1010860]
[55345, 1010801, 1010828]
[61955]
[55381, 1009189]
[61831]
[61216]
[58991, 1009268, 1010770]
[57388, 1009187, 1009215, 1010682, 1009629]
[56276]
[58226, 1011220]
[57906, 1010801, 1009268, 1010743, 1009515, 1010744, 1011347, 1010860]
[59624, 1009389]
[61203]
[58139]
[61206]
[61976]
[62038]
[56227, 1009165, 1009268, 1009356, 1009524, 1009546, 1010359, 1009707]
[61497, 1010843, 1010879, 1010863, 1011041, 1010840]
[61990]
[59593]
[61994]
[51647]
[61975]
[60990]
[61941]
[61881]
[56721, 1009262, 1009365, 1009385, 1009438]
[61989]
[56935]
[55954]
[62089]
[56844, 1009268]
[61780]
[59020]
[61977]
[62066]
[55508, 1010373]
[55583, 1009452, 1010765]
[57958, 1010338, 1009367, 1009215]
[59154]
[61973]
[61897]
[59975]
[61288, 1010735, 1011299]
[61864]
[61187]
[60765, 1010855]
[60024]
[59876, 1009313, 1009546]
[61834]
[52699]
[60003]
[61865]
[61232]
[56159]
[61898]
[57241, 1010360]
[60252]
[60093]
[60024]
[59876, 1009313, 1009546]
[61834]
[60003]
[61865]
[61232]
[56159]
[61898]
[57241, 1010360]
[60252]
[60093]
[62088]
[61713, 1011288, 1009610]
[60991]
[58139]
[61206]
[61976]
[62038]
[56227, 1009165, 1009268, 1009356, 1009524, 1009546, 1010359, 1009707]
[61497, 1010843, 1010879, 1010863, 1011041, 1010840]
[61878]
[55431]
[61854]
[61599, 1009378]
[61960]
[59634, 1009165, 1009351]
[61779]
[59966, 1009268, 1009277, 1010731, 1010805]
[59842]
[57905, 1009268, 1010860]
[61855]
[58990, 1009268]
[61342]
[60413]
[61885]
[61963]
[61947]
[59752, 1009368, 1010860]
[60012]
[61849]
[60413]
[61885]
[61963]
[59966, 1009268, 1009277, 1010731, 1010805]
[60012]
[61849]
[61947]
[59752, 1009368, 1010860]
[55535, 1009368]
[61999]
[56062, 1009295, 1009417, 1009726]
[61856]
[61861]
[61154]
[61983]
[61964]
[57151, 1009610]
[61851]
[59835]
[61953]
[60412]
[61961]
[55317, 1009610]
[59925]
[59529, 1009215]
[61852]
[55750, 1009466]
[61946]
[56860]
[61869]
[61343]
[60978]
[61826]
[61962]
[58857]
[61998]
[61850]
[60429, 1009257, 1009365, 1009726]
[61948]
[58673]
[61997]
[61838]
[60342]
[57946]
[61829]
[61185]
[55728, 1014873]
[61954]
[61984]
[55426, 1009282]
[55431]
[61854]
[61599, 1009378]
[61873]
[61960]
[60270, 1009282, 1011347, 1009610]
[56207, 1010860]
[59354, 1017583]
[61235]
[59976]
[57870, 1009220]
[56174, 1010338, 1009608]
[60391]
[56592, 1010370, 1010338]
[56207, 1010860]
[57883, 1009385]
[61235]
[57706, 1009165, 1009685]
[60203]
[59776]
[56126, 1017577]
[57051, 1017078]
[61182]
[60348]
[55688]
[55657]
[60087]
[61198]
[59709]
[60615, 1009268, 1009306, 1009362]
[55446, 1009243, 1009362, 1009415, 1009472, 1009726]
[57870, 1009220]
[59133]
[60391]
[57336]
[57883, 1009385]
[57051, 1017078]
[60137, 1009219, 1009355, 1009552, 1010693, 1010860, 1009638, 1011287, 1009714]
[56842, 1009268]
[61210]
[55688]
[57706, 1009165, 1009685]
[60203]
[57265, 1009187, 1011339, 1010338, 1010705, 1009652]
[59776]
[61236]
[61081]
[61218]
[60087]
[55657]
[61210]
[55688]
[57706, 1009165, 1009685]
[60203]
[57265, 1009187, 1011339, 1010338, 1010705, 1009652]
[59776]
[52567, 1009268, 1009610]
[61218]
[60087]
[55657]
[60615, 1009268, 1009306, 1009362]
[61139]
[59709]
[60269, 1011347, 1009610]
[56443, 1009722]
[55344, 1010801]
[55546, 1009368]
[59645, 1009282, 1016181, 1016825]
[59874, 1009407]
[57957, 1009367, 1009215]
[58989, 1009268, 1009313]
[59434]
[59825]
[57301, 1009610, 1009663]
[57904, 1009268, 1009282, 1010373]
[59343]
[60202]
[61189]
[55316, 1009610]
[55332]
[58879]
[55475, 1010338, 1010763, 1011299]
[61192]
[59747]
[58406]
[60575]
[61229]
[61193]
[59454]
[60036]
[55798, 1017576]
[56061, 1009159, 1011068, 1009417, 1009512, 1009554, 1009726]
[58682, 1010338, 1009365, 1009368]
[58003]
[59728]
[61228]
[61233]
[59180]
[61212]
[59761]
[61179]
[56548]
[60287]
[54760, 1009385]
[59785]
[56443, 1009722]
[55344, 1010801]
[55546, 1009368]
[59645, 1009282, 1016181, 1016825]
[59874, 1009407]
[61233]
[61179]
[59180]
[61212]
[59761]
[56548]
[60287]
[54760, 1009385]
[59785]
[60268, 1009610, 1016181]
[59605, 1009610]
[61944]
[61180]
[57106, 1009562]
[57722]
[59733]
[55116, 1011299]
[57962]
[56158]
[60023]
[59733]
[55116, 1011299]
[57962]
[56158]
[60023]
[56082, 1009268, 1009546]
[59875]
[58225, 1011220]
[56841]
[59439]
[56242, 1009726]
[56285]
[55727, 1014873]
[58670, 1009385]
[61191]
[55607, 1010743, 1010744]
[55806, 1009184, 1009187, 1010338, 1009365, 1009385, 1011305, 1009438, 1010335]
[61222]
[59000, 1016181]
[55250]
[57387, 1009187]
[56418, 1009365]
[55993]
[55702, 1010338, 1017577, 1017078, 1016181]
[61213]
[56226, 1009165, 1009214, 1009220, 1009268, 1009524, 1009546]
[61184]
[59615, 1009343]
[59019]
[62399]
[59515]
[55582, 1009452]
[61200]
[61183]
[61178]
[60409]
[59984]
[55749, 1009610]
[60352]
[60710]
[60466]
[61120]
[60385]
[57991]
[60216]
[60708]
[57882, 1009385]
[55425, 1009282]
[61214]
[55651]
[58674]
[60297]
[59633, 1009165, 1009220]
[61205]
[54948]
[61132]
[61023]
[59965, 1009268, 1011057, 1010855, 1009628, 1011034]
[55534, 1009368]
[60384]
[54948]
[61132]
[61023]
[59965, 1009268, 1011057, 1010855, 1009628, 1011034]
[55534, 1009368]
[60384]
[56060, 1009159, 1011068, 1009417, 1009512, 1009554, 1009726]
[60242]
[56720, 1009262]
[57907]
[61190]
[57150, 1009220, 1009610]
[59997]
[59540]
[57931, 1010744]
[61188]
[57903, 1009268, 1010373]
[59973]
[52558]
[55507, 1010373]
[59928]
[60230]
[60350]
[57239, 1010360, 1010740]
[59819]
[56125, 1017577]
[59930]
[60143]
[59788]
[59932]
[59610, 1010370, 1010676, 1009471]
[55726, 1009517, 1014873]
[57367, 1009726]
[55474, 1010338, 1011299]
[56612, 1009227]
[55606, 1010743, 1010744]
[59973]
[52558]
[59934]
[55507, 1010373]
[60230]
[60277]
[56125, 1017577]
[59930]
[57239, 1010360, 1010740]
[59819]
[60143]
[59932]
[57367, 1009726]
[59788]
[59610, 1010370, 1010676, 1009471]
[55726, 1009517, 1014873]
[55474, 1010338, 1011299]
[59934]
[56612, 1009227]
[55606, 1010743, 1010744]
[59973]
[52558]
[55507, 1010373]
[59897, 1009722]
[55315, 1011288, 1009610]
[59796]
[60282]
[60271]
[60002]
[41529]
[59929]
[59727]
[57788, 1009368]
[51625]
[55923]
[56840]
[60324]
[59591]
[60386]
[60136]
[60217]
[59644, 1016825]
[57947, 1009282]
[59018]
[60386]
[60136]
[60217]
[59644, 1016825]
[57947, 1009282]
[59018]
[60227]
[60296]
[60321]
[52107]
[57300, 1009610, 1009663]
[60022]
[47111]
[56206, 1009249, 1009276, 1009473, 1010860]
[60323]
[60226]
[56081, 1009268]
[59212]
[60212]
[60142]
[56874, 1010735, 1009303]
[56591, 1009187, 1010338]
[56491]
[60086]
[55445, 1009362, 1009415, 1009472, 1009629, 1009726]
[57869, 1009220]
[59353, 1017583, 1017577]
[60229]
[55380, 1009189, 1009368]
[59179]
[51721]
[57264, 1009187, 1011339, 1010338, 1010705]
[59609, 1009471, 1010770, 1009515]
[57742]
[59614, 1009220, 1010338, 1009343, 1009438, 1009610]
[57902, 1010801, 1009268]
[59604, 1009610]
[56566, 1017575]
[60225]
[57956, 1009367, 1009215]
[59732]
[59726]
[58878]
[58688, 1009262, 1009515]
[60234]
[59746]
[60380, 1009351]
[60219]
[56224, 1009165, 1009368, 1009685]
[60320]
[58224, 1011220]
[59453]
[55797, 1017576]
[57773]
[57990]
[56173, 1010338, 1009608]
[56442, 1009220, 1009722]
[57881, 1009385]
[55757]
[59627, 1009726]
[58999, 1016181]
[62130]
[59983]
[59720]
[60195]
[56417, 1009365]
[60280]
[57335]
[60267, 1009610]
[60258]
[60276, 1009165, 1010338, 1017577, 1009583, 1016181, 1010860]
[56401]
[60480]
[60285]
[56719, 1009262]
[62001]
[61335]
[55725, 1014873]
[60427]
[52566, 1009268, 1009610]
[61341]
[60228]
[56036, 1009552]
[57386, 1009187]
[57105, 1009524, 1009562]
[55314, 1009610]
[55780]
[60197]
[60196]
[59342]
[56157]
[55404]
[60200]
[56400]
[60467, 1010338, 1009262, 1009338, 1009351]
[60259]
[55366, 1009697]
[60274]
[57863, 1009165, 1009685]
[60481]
[59438]
[56019, 1010338, 1009267, 1009438, 1010746, 1009583]
[57138]
[60275]
[60322]
[57318, 1009697]
[62026]
[60258]
[60211]
[60468]
[62001]
[60351]
[57930, 1009471]
[61335]
[52566, 1009268, 1009610]
[60266, 1009215, 1009610, 1009616]
[55533, 1009368]
[61913]
[61790]
[55581, 1009452]
[59740]
[55581, 1009452]
[60035]
[60349, 1009262, 1010785]
[61338]
[56839]
[59759]
[55748, 1010814]
[57901, 1010801, 1009268, 1010743, 1010744, 1010860]
[60068]
[60325]
[59873, 1009407]
[58631]
[60094]
[58987, 1009268, 1009313]
[59622, 1009389]
[55424, 1009282]
[57218, 1009515]
[60030]
[52870, 1009365, 1011305, 1009438]
[58987, 1009268, 1009313]
[59622, 1009389]
[57218, 1009515]
[60030]
[59632]
[61230]
[61847]
[59914]
[56873, 1010735]
[57346]
[56590, 1010338]
[55796, 1017576]
[60330]
[60056]
[60007]
[55444, 1009243, 1009726]
[55544, 1009368]
[57701, 1011353, 1011299, 1010365, 1010344]
[56496, 1009610]
[57880]
[56590, 1010338]
[55506, 1010373]
[58681, 1010338, 1009338, 1009368]
[60056]
[59452]
[60006]
[60007]
[55444, 1009243, 1009726]
[57868, 1009220, 1009535]
[59352, 1017583]
[57787, 1011304]
[58725]
[59590]
[52872]
[60135, 1009219, 1009552, 1010693, 1009638, 1010853]
[60057]
[61186]
[59608, 1010808, 1009372, 1009471]
[58043]
[60069]
[59643, 1016825]
[59017]
[60327]
[59852]
[57385, 1009187]
[60073]
[59096]
[59178]
[60433]
[56091, 1011227, 1010338]
[57299, 1009663]
[60053]
[59725]
[55686]
[59205]
[56156]
[56205, 1009449, 1010860]
[60140]
[55714]
[60079]
[56124, 1010338, 1017577]
[56223, 1009165, 1009214, 1009220, 1009268, 1009356, 1009524, 1009546, 1009685]
[61230]
[59914]
[58223, 1011220]
[59922]
[57238, 1009365, 1010360, 1010740]
[60144]
[55770]
[55903]
[56441]
[59572]
[55828, 1010784, 1011328]
[60115]
[59822]
[57069, 1010351, 1009583]
[58768]
[60065]
[59241]
[59994]
[57238, 1009365, 1010360, 1010740]
[60144]
[55770]
[55903]
[56441]
[59572]
[55828, 1010784, 1011328]
[60115]
[59822]
[57069, 1010351, 1009583]
[58768]
[60065]
[59241]
[59994]
[58615]
[60128]
[56018, 1010338, 1009267, 1009438, 1010746, 1009583]
[56416, 1009365]
[59963, 1009268, 1011057, 1010855, 1009628, 1011034]
[57900, 1009268, 1009515, 1010860]
[61774]
[56279]
[60064]
[60078]
[58961]
[60139]
[59482, 1011299]
[60095]
[55598]
[60127]
[61339]
[55114, 1011299]
[61329]
[55105]
[60052]
[56730]
[60134, 1010693]
[60379]
[58841]
[59607]
[59451]
[58998, 1010726]
[57719]
[55649, 1009185]
[56155]
[60070]
[56079, 1009268]
[59719, 1009610]
[59177]
[60326]
[57334]
[51624]
[57934]
[56718, 1009262, 1009610]
[58798]
[59613, 1009343]
[56035, 1009552]
[59603, 1009610]
[58876]
[55951]
[57955, 1009367, 1009215]
[60063]
[58680, 1010338, 1009351, 1009368]
[55114, 1011299]
[61329]
[55105]
[60052]
[61339]
[56730]
[60134, 1010693]
[60379]
[60265, 1009740, 1009368, 1009610]
[60121]
[59872, 1009407]
[57879]
[57095]
[57989]
[61201]
[59971]
[58986, 1009268, 1009313]
[55254]
[61156]
[60121]
[59872, 1009407]
[57879]
[57095]
[59971]
[61201]
[58986, 1009268, 1009313]
[59621, 1009389]
[59626, 1009417, 1009726]
[57217, 1009515]
[57104, 1009562]
[55580, 1009452]
[56565, 1017575, 1010338, 1009368]
[59982]
[61208]
[59631, 1009165]
[55896]
[61155]
[57104, 1009562]
[61207]
[55580, 1009452]
[56565, 1017575, 1010338, 1009368]
[60034]
[55313, 1009368, 1009708, 1009610]
[59972]
[59982]
[59341]
[57899, 1010801, 1009268, 1010743, 1010373, 1009515, 1010744, 1010860]
[58687]
[59738]
[59745]
[61234]
[55254]
[61156]
[60264]
[59668]
[59204]
[52564, 1009268, 1009610]
[52869, 1009365, 1009368]
[59204]
[59834]
[59554]
[55402]
[57179]
[59670]
[59095]
[59781]
[58222, 1009338, 1011220]
[55088]
[55364, 1009154, 1009165, 1017575, 1009368, 1017577, 1017078, 1016181, 1017576, 1009697]
[58651]
[58437]
[59801]
[52111, 1009726]
[58831]
[59571]
[57252]
[58686]
[55364, 1009154, 1009165, 1017575, 1009368, 1017577, 1017078, 1016181, 1017576, 1009697]
[58651]
[52341]
[59801]
[59669, 1009663]
[52111, 1009726]
[59571]
[56187, 1009508, 1010733]
[58409]
[55850]
[57298, 1009663]
[56499]
[56589, 1010338]
[55648, 1009185]
[59768]
[58723]
[56204, 1009449, 1010860]
[59106]
[55443, 1009726]
[57866, 1009220]
[59846]
[57786]
[57929]
[56299]
[55699, 1009185, 1016181]
[55919]
[59200]
[56057, 1009159, 1011068, 1009417, 1009512, 1009554, 1009726]
[60263]
[59016]
[57077]
[57103, 1009562]
[56564, 1017575]
[55423, 1009282]
[55982]
[59664]
[56123, 1017577]
[59666]
[56222, 1009165, 1011490, 1009685]
[57695]
[56089, 1011227, 1009351]
[56872, 1010735, 1010762]
[57695]
[57015]
[59606, 1009165, 1009259, 1009471, 1010684]
[59103]
[57333, 1009157, 1009609, 1011347, 1012295]
[57954, 1009367, 1009215]
[58985, 1009268, 1009313]
[56610, 1009227]
[55604, 1010743, 1010744]
[58766]
[59778]
[58997, 1009172, 1009282, 1010726]
[57262, 1009187, 1011339, 1010338, 1010705, 1009652]
[59850]
[59351, 1017583]
[58151]
[59665]
[57103, 1009562]
[55946]
[57262, 1009187, 1011339, 1010338, 1010705, 1009652]
[57147, 1009187, 1009610]
[59661, 1009368]
[58630]
[59481, 1010743, 1011299, 1010744]
[58679, 1009165, 1010338, 1009365, 1009368, 1009552]
[57720]
[55685]
[59663, 1009165]
[55746, 1009438, 1010814]
[59365]
[56056, 1009301, 1009512, 1009726]
[59870, 1009407]
[57878]
[55769]
[55543, 1009368]
[55312, 1009368, 1009610]
[57068, 1010351, 1009378]
[59625, 1009726]
[52695]
[55341, 1010801]
[55378, 1009189]
[55738]
[57048, 1009477, 1017078]
[57147, 1009187, 1009610]
[59661, 1009368]
[58630]
[59481, 1010743, 1011299, 1010744]
[58679, 1009165, 1010338, 1009365, 1009368, 1009552]
[57720]
[55685]
[59663, 1009165]
[60262]
[59099]
[59420, 1009165]
[57236, 1010360, 1010740]
[59849]
[57988]
[59658]
[59612, 1009343]
[56784]
[59602, 1009610]
[57988]
[59659]
[56239]
[56818]
[57297, 1009663]
[59340]
[59099]
[57607, 1009268]
[55401]
[57236, 1010360, 1010740]
[59849]
[59658]
[57316, 1009697]
[58347]
[55472, 1010735, 1010763]
[59660, 1010735]
[55505, 1010373]
[56906]
[56717, 1009262]
[60261]
[61996]
[55723, 1014873]
[58832, 1009608]
[55311, 1009368, 1009610, 1016181]
[57895]
[58867]
[56171, 1009608, 1009669]
[55579, 1009452]
[57746]
[59657, 1009227]
[56077, 1009262, 1009268, 1009367, 1009215]
[59863]
[58380]
[58748, 1009165]
[55977]
[62024]
[57365, 1009726]
[56440, 1009722]
[55827, 1010338, 1009493]
[58676, 1009165, 1010338, 1009365, 1009368]
[58039]
[57215, 1009515]
[56154]
[56017, 1010338, 1009267, 1009438, 1010746, 1009583]
[55531, 1009368, 1009708]
[55363, 1009165, 1017575, 1009368, 1017577, 1017078, 1016181, 1017576, 1009697]
[39918]
[58468]
[52110]
[56863]
[56609, 1009227]
[57067]
[58762]
[57186]
[56871, 1010735]
[56076]
[57009]
[52563, 1009268, 1009610]
[59423]
[56088, 1011227, 1009351, 1017576]
[52867]
[56588, 1010338]
[55794]
[60498]
[55422, 1009282]
[55442, 1009726]
[56716]
[56495, 1009610]
[55112]
[58355]
[57734]
[57785]
[57352]
[56122, 1017577, 1017078, 1016181]
[56289]
[58221, 1011220]
[57083]
[58796]
[58751, 1016825]
[52110]
[60497]
[55984]
[57186]
[56871, 1010735]
[56076]
[55661, 1009165, 1009592]
[59386]
[47113]
[55264]
[56439]
[57953, 1009367, 1009215]
[55698, 1009334, 1016181]
[55638]
[56186, 1009508, 1010733]
[58408]
[59425]
[51724]
[57953, 1009367, 1009215]
[55638]
[56153]
[55661, 1009165, 1009592]
[59425]
[55340]
[55698, 1009334, 1016181]
[57862]
[55542]
[56186, 1009508, 1010733]
[58408]
[57146]
[55942]
[51724]
[54759]
[56389]
[61936]
[51622]
[56522]
[55675]
[57315, 1009562, 1009697]
[55362]
[55471]
[55857, 1009148, 1010715, 1010669]
[54768]
[57296]
[58996]
[57261, 1009187, 1011339, 1010338, 1010705, 1009652]
[56297]
[56075]
[57383, 1009187]
[55647]
[56284]
[57342]
[56033]
[52353]
[57741]
[51622]
[52866]
[56238]
[55675]
[52353]
[57741]
[48728]
[58526]
[58711]
[58712, 1009220, 1009610]
[59674]
[55826]
[56563]
[57212, 1009515]
[55603, 1010743, 1010744]
[59676]
[59339]
[55504]
[55684]
[56016]
[59678]
[56414]
[55297]
[55530]
[59419]
[59671]
[55377]
[57893]
[59680]
[58415]
[59673]
[57980]
[57759]
[59675]
[59344]
[57102, 1009562]
[55577]
[58984]
[59677]
[57927]
[58747]
[58685]
[59679]
[58685]
[55826]
[56563]
[56055]
[57047]
[59679]
[59418]
[55310]
[57233]
[59672]
[55722]
[58525]
[60341, 1009165, 1009189, 1009220, 1009297, 1009338, 1009351, 1009368, 1009535, 1009664]
[55744]
[56861]
[56121]
[55540]
[60338]
[56169]
[56202]
[58977]
[55744]
[56121]
[56169]
[56202]
[59421]
[55309]
[55767]
[52109]
[56438]
[57861]
[56608]
[57066]
[55330]
[57295, 1009663]
[56870]
[60339]
[56152]
[58629]
[55260]
[60338]
[56185]
[56281]
[58278]
[58750, 1016825]
[56507]
[58977]
[55744]
[58524]
[57784]
[51620]
[55818]
[55503]
[57437]
[57046]
[55793]
[53460]
[56562]
[59081]
[55111]
[57979]
[55487]
[56798]
[57952]
[56074]
[55818]
[51620]
[55503]
[58374]
[57437]
[57046]
[55793]
[53460]
[58407]
[56087]
[55352]
[52673]
[57892]
[51723]
[52865]
[56087]
[57892]
[51723]
[52865]
[56587]
[55646]
[56388]
[57395]
[55856]
[55399]
[58995]
[55992]
[55391]
[55361]
[55470]
[55308]
[57143]
[55145]
[56912]
[56032]
[57395]
[58220]
[58995]
[55992]
[55391]
[55575]
[55470]
[57351]
[55308]
[55145]
[57082]
[57362]
[57143]
[55856]
[55602]
[56032]
[55399]
[58611]
[56413]
[55361]
[57395]
[58523]
[59522]
[58738]
[57382]
[56220]
[55529]
[56073]
[57978]
[56151]
[55253]
[56054]
[58373]
[55091]
[55825]
[57524]
[58746]
[58091]
[57984]
[55697]
[56220]
[56151]
[56073]
[57978]
[58091]
[58373]
[55091]
[55721]
[55825]
[56779]
[58746]
[56469]
[58522]
[57926, 1009610]
[59521]
[56654]
[58820]
[58749]
[56201]
[56494]
[58562]
[56714]
[56650]
[58819]
[58663]
[56494]
[58337]
[56655]
[56869]
[56002]
[58157]
[58811]
[55398]
[56561]
[54738]
[57021]
[58660]
[55103]
[57360]
[56383]
[58562]
[56494]
[58663]
[58337]
[56655]
[56869]
[56002]
[58157]
[58811]
[55398]
[56561]
[54738]
[57944, 1011299]
[59520]
[58779]
[56506]
[58815]
[52108]
[56649]
[57839]
[58802]
[56086]
[59116]
[56678]
[56661]
[57783]
[58925]
[58666]
[57732]
[58729]
[58806]
[55824]
[55855]
[57065]
[57294]
[52671]
[55766]
[57259]
[58372]
[51886]
[56053]
[55360]
[58801]
[59115]
[56652]
[57782]
[55090]
[55486]
[58803]
[56607]
[58809]
[55110]
[58411]
[58638]
[58667]
[52387]
[58730]
[57943, 1011299]
[59519]
[51722]
[59070]
[58787]
[56168]
[58805]
[58571]
[56646]
[58639]
[55440]
[56106]
[58797]
[51722]
[55538]
[56235]
[56660]
[55645]
[58732]
[56184]
[58865]
[55089]
[58708]
[57330]
[56546]
[52864]
[58563]
[55338]
[57890]
[54946]
[58414]
[58707]
[55743]
[58508]
[56648]
[56586]
[56978]
[57977]
[58640]
[58709]
[58694]
[51633]
[59070]
[58787]
[58731]
[56168]
[58805]
[58571]
[56412]
[55440]
[58733]
[56106]
[58797]
[57942, 1011299]
[58645]
[58016]
[58715]
[58781]
[57350]
[55792]
[58405]
[55087]
[58816]
[58405]
[55087]
[58816]
[57081]
[57580]
[58641]
[55682]
[56643]
[57567]
[58717]
[58251]
[52811]
[58714]
[57582]
[56031]
[56658]
[58219]
[57569]
[54957]
[58804]
[58717]
[58251]
[52811]
[58714]
[57582]
[56031]
[56658]
[58219]
[57569]
[54957]
[58804]
[58824]
[58646]
[57584]
[57313, 1009697]
[55469]
[58791]
[55307]
[57571]
[58655]
[58646]
[57584]
[57313, 1009697]
[54957]
[55469]
[58791]
[55307]
[57571]
[58655]
[55720]
[58179]
[58761]
[55420]
[56219]
[55601]
[57579]
[57941, 1011299]
[58658]
[56634]
[57403]
[58237]
[57889]
[56052]
[52497]
[56653]
[58757]
[56014]
[59141]
[56831]
[56635]
[57833]
[58648]
[57976]
[57045]
[55914]
[56657]
[58691]
[56640]
[59071]
[56072]
[58657]
[56621]
[58614]
[58237]
[52497]
[56653]
[58757]
[56014]
[59141]
[56831]
[56635]
[57833]
[58648]
[57976]
[55914]
[56657]
[58691]
[56640]
[59071]
[55528]
[58656]
[58637]
[50521]
[56651]
[58756]
[58737]
[58658]
[56634]
[57403]
[59117]
[58613]
[56656]
[55695]
[58745]
[58690]
[56637]
[55373, 1009189]
[56659]
[58828]
[56411]
[55644]
[56713]
[56910]
[57704, 1009165]
[55719]
[51223]
[58259]
[58239]
[55082]
[58261]
[57020]
[56997]
[56493]
[56868]
[56505, 1017574]
[58203]
[57007]
[54756]
[58018]
[55359]
[52690]
[49990]
[57838]
[57612]
[56105]
[58863]
[57293]
[55336]
[56200]
[57064]
[58864]
[58490]
[52106]
[56234]
[58866]
[58462]
[58436]
[55765]
[59329]
[59319]
[58434]
[59237]
[52863]
[56183]
[59321]
[54917]
[59211]
[57175]
[57183]
[58462]
[58436]
[55765]
[59329]
[59319]
[55167]
[59320]
[59330]
[58214]
[58460]
[56606]
[59333]
[57329]
[57375]
[58484]
[58257]
[58555]
[55791]
[58364]
[58375]
[59323]
[58482]
[59239]
[58424]
[55658]
[58566]
[58260]
[53250]
[53619]
[59328]
[59210]
[59322]
[58256]
[58966]
[58435]
[54923]
[55742]
[58461]
[58465]
[58561]
[56167]
[55168]
[58483]
[58554]
[58158]
[58459]
[55439]
[58403]
[58246]
[58552]
[57940, 1011299]
[58248]
[55854]
[54769]
[59171]
[57565]
[59110]
[56085]
[59112]
[56030]
[54908]
[58449]
[59109]
[57459]
[57585]
[55358]
[58184]
[59108]
[58235]
[58481]
[55147]
[59168]
[58241]
[57258]
[57611]
[57563]
[56830]
[56436]
[59113]
[51684]
[59074]
[56149]
[57349]
[58015]
[52956]
[57924]
[58392]
[57080]
[54769]
[59171]
[57565]
[58241]
[57258]
[57588]
[56830]
[56436]
[59113]
[51684]
[59074]
[56149]
[57349]
[57611]
[57563]
[58392]
[57080]
[58015]
[52956]
[57924]
[59110]
[58248]
[55854]
[54769]
[59171]
[57565]
[56085]
[59112]
[56030]
[54908]
[58449]
[59109]
[57459]
[57585]
[55358]
[58184]
[59108]
[58235]
[58481]
[55147]
[58521]
[61143]
[57001]
[56585]
[56677]
[58378]
[58360]
[58209]
[57044]
[53580]
[59059]
[58012]
[57141]
[58452]
[58196]
[57481]
[58973]
[58975]
[56560]
[57126]
[58416]
[58454]
[56574]
[59064]
[55305]
[58512]
[51720]
[56728]
[56585]
[56677]
[58378]
[58360]
[58262]
[59059]
[58242]
[58012]
[51925]
[57663]
[58452]
[58973]
[56560]
[57126]
[58209]
[57887]
[58361]
[58209]
[57044]
[53580]
[55419]
[57141]
[59054]
[55823]
[57099]
[58206]
[57481]
[58975]
[58249]
[58560]
[56013]
[58196]
[58454]
[56574]
[57731]
[58981]
[58453]
[55973]
[58376]
[58513]
[58419]
[58208]
[58978]
[58417]
[58315]
[52896]
[58134]
[58873]
[58400]
[57837]
[54915]
[55357]
[56605]
[56148]
[59155]
[55357]
[58202]
[56148]
[57019]
[54935]
[59122]
[56410]
[56712]
[58232]
[59125]
[59126]
[58017]
[58200]
[58559]
[58211]
[49904]
[58234]
[56166]
[55095]
[59124]
[54915]
[56605]
[58559]
[57837]
[58318]
[56166]
[58366]
[58234]
[59155]
[55915]
[57292]
[55438]
[56104]
[54935]
[59122]
[58393]
[58202]
[57019]
[59126]
[58252]
[58420]
[58891]
[56199]
[59089]
[58201]
[58252]
[53249]
[58135]
[59119]
[58894]
[58520]
[62509]
[57181]
[58558]
[56867]
[56070]
[56909]
[55335]
[57530]
[55144]
[58109]
[52684]
[56476]
[58395]
[56050]
[56118]
[55764]
[51283]
[57074]
[56583]
[52832]
[58212]
[57973]
[58320]
[57062]
[58116]
[56182]
[57181]
[58558]
[56867]
[52862]
[51637]
[58319]
[58519]
[57097]
[58321]
[55467]
[58557]
[55099]
[56435]
[56029]
[56232]
[56559]
[55151]
[55108]
[56216]
[55679]
[57257]
[57406]
[55741]
[56029]
[57097]
[55679]
[58321]
[58557]
[55099]
[56232]
[56559]
[55151]
[55108]
[56216]
[57257]
[57406]
[57620]
[55741]
[56729]
[55641]
[58317]
[55356]
[51726]
[58518]
[55717]
[52557]
[57043]
[54958]
[55763]
[55822]
[57347]
[56380]
[56459]
[51705]
[55526]
[55500]
[57730]
[58727]
[57311, 1009697]
[55418]
[58394]
[57628]
[54922]
[56012]
[57439]
[57003]
[57139]
[55597]
[56084]
[58314]
[56763]
[50331]
[56817]
[58556]
[57676]
[53310]
[52557]
[58287]
[54958]
[56049]
[55822]
[55717]
[57347]
[58517]
[61142]
[55739]
[53623]
[54944]
[53248]
[54931]
[56865]
[57725]
[52508]
[57709]
[56432]
[52694]
[55141]
[56604]
[52181]
[52957]
[58626]
[57057]
[56711]
[56711]
[56710]
[57005]
[57291]
[56181]
[56503]
[56068]
[55333]
[54741]
[57018]
[55436]
[56827]
[57529]
[55303]
[57658]
[51682]
[56558]
[57939, 1011299]
[57728]
[51704]
[52124]
[57728]
[51704]
[54933]
[56198]
[56103]
[56117]
[52666]
[56490]
[55980]
[52485]
[57116]
[52125]
[55098]
[49356]
[55788]
[57178]
[56736]
[57027]
[54954]
[55639]
[54937]
[51636]
[16666]
[54959]
[56849]
[57172]
[57724]
[56409]
[58098]
[56231]
[55851]
[52124]
[57728]
[51704]
[54933]
[57938, 1011299]
[56785]
[52998]
[57096]
[55821]
[54956]
[57255]
[56907]
[57689]
[57982]
[57778]
[58075]
[55716]
[55106]
[55466]
[58111]
[52456]
[56785]
[52998]
[57096]
[56067]
[57726]
[54945]
[55302]
[57094]
[55482]
[54934]
[57737]
[55678]
[55821]
[54956]
[57255]
[56907]
[57689]
[57937, 1011299]
[61141]
[56406]
[55499]
[56709]
[57137, 1009610]
[55435]
[56083]
[57775]
[52664]
[58086]
[55354]
[58085]
[54955]
[57649]
[56924]
[58083]
[56889]
[56774]
[56708]
[52871]
[58113]
[57076]
[56406]
[55499]
[56709]
[57137, 1009610]
[55435]
[56083]
[57775]
[56821]
[58102]
[58095]
[53307]
[57599]
[58097]
[56408]
[57553]
[58086]
[55354]
[58085]
[54955]
[57649]
[56924]
[58083]
[56889]
[56774]
[56708]
[52871]
[58113]
[58104]
[57936, 1011299]
[52693]
[57014]
[57415]
[57115]
[54962]
[57475]
[51681]
[57016]
[51609]
[54930]
[58618]
[52230]
[56603]
[53720]
[56430]
[53711]
[55464]
[57290]
[52511]
[54961]
[56197]
[58399]
[52435]
[54913]
[51938]
[58431]
[54938]
[57017]
[56501]
[51711]
[57004]
[57288, 1009663]
[52522]
[57289]
[57836]
[55637]
[52786]
[57935, 1011299]
[57135]
[52246]
[55434]
[51918]
[52663]
[57747]
[51702]
[56066]
[54949]
[56116, 1017577]
[56180, 1010733]
[54909]
[56781]
[54939]
[56261]
[57492]
[57474]
[54916]
[56783]
[55986]
[55434]
[57135]
[51918]
[52663]
[57747]
[51702]
[54949]
[56116, 1017577]
[56180, 1010733]
[56066]
[54909]
[56781]
[54939]
[56261]
[57492]
[57474]
[51603]
[54916]
[56783]
[55986]
[57026]
[57134]
[48480]
[56424]
[56602]
[57477]
[57325]
[55094]
[56425]
[56934]
[52827]
[55351]
[55480]
[52156]
[52597]
[55353]
[56403]
[53202]
[56601]
[56214]
[57251]
[56766]
[55849]
[54740]
[57253]
[57326]
[52121]
[56933]
[52455]
[52692]
[56816]
[53622]
[54911]
[51981]
[55676]
[57400]
[51680]
[55715]
[54953]
[52702]
[48671]
[56424]
[48479]
[57462]
[56922]
[50329]
[57435]
[56862]
[55433]
[57795]
[57464]
[56905]
[53715]
[53458]
[57398]
[47668]
[56877]
[58153]
[55498]
[56671]
[57464]
[56905]
[53715]
[53458]
[57398]
[47668]
[56877]
[58153]
[55498]
[56671]
[52701]
[56065, 1009268]
[55104]
[56545]
[57041]
[55937]
[56819]
[51257]
[56822]
[55416]
[57487]
[51435]
[56864]
[57306, 1009697]
[52270]
[55928]
[57425]
[57446]
[56977]
[53716]
[57039]
[52009]
[57442]
[55819]
[56878]
[61144]
[51701]
[57040]
[48478]
[56196, 1010860]
[52901]
[58123]
[56925, 1011295]
[51920]
[56928, 1011295]
[56196, 1010860]
[52691]
[53002]
[51950]
[58125]
[56497]
[51500]
[57034]
[53723]
[55713]
[56500]
[51505]
[56927, 1011295]
[52300]
[56930, 1011295]
[51920]
[56928, 1011295]
[52691]
[53002]
[56196, 1010860]
[51950]
[48477]
[51700]
[51560]
[51602]
[52434]
[52999]
[52682]
[52190]
[54754, 1009385]
[57205, 1010801]
[48567]
[52076]
[57114]
[51214]
[57205, 1010801]
[48567]
[52076]
[57114]
[51214]
[56990]
[55994]
[51679]
[52669]
[52894]
[55329, 1010801]
[51940]
[55910, 1010801]
[54912]
[55847]
[56984, 1009385]
[48476]
[52253]
[56884]
[50222]
[51522]
[55934]
[57860]
[52689]
[56552]
[53016]
[56891]
[57031]
[57129]
[56382]
[55143]
[52170]
[56893]
[53621]
[51582]
[57029]
[55674]
[52958]
[52129]
[55462, 1011299]
[57030]
[53722]
[56551]
[51606]
[56890]
[56213]
[56847]
[56553]
[57127]
[51207]
[54739]
[52061]
[56892]
[57271]
[57033]
[52253]
[56884]
[50222]
[56549]
[56633]
[56892]
[57271]
[57033]
[48475]
[54830]
[53313]
[55522]
[52454]
[56448]
[56853]
[56663]
[57809]
[52769]
[51678]
[56666]
[52310]
[52284]
[52599]
[56668]
[52711]
[50328]
[56667]
[52680]
[52710]
[57808]
[55415]
[54929]
[52676]
[56999]
[55298]
[55120]
[56455]
[55102]
[56851]
[54830]
[53313]
[56448]
[56853]
[56663]
[57809]
[52680]
[52710]
[55415]
[54929]
[52676]
[56999]
[55120]
[56455]
[55102]
[56851]
[48474]
[51858]
[56579]
[55902]
[51937]
[55155]
[53335]
[55117]
[57412]
[56255]
[53696]
[51975]
[52433]
[53620]
[52233]
[52059]
[55841]
[57776]
[52229]
[51858]
[56579]
[55902]
[48473]
[47512]
[51576]
[52771]
[51999, 1009184, 1009365, 1009438]
[51766]
[52967]
[51529]
[52075]
[52189]
[52041]
[53294]
[52893]
[51709]
[56249]
[51339]
[55995]
[57411]
[55842]
[51800]
[51576]
[47512]
[52771]
[51999, 1009184, 1009365, 1009438]
[51766]
[48472]
[55905]
[51949]
[51970]
[54816]
[53706]
[53618]
[52467]
[57550]
[56575, 1009365]
[52660]
[51408]
[52580]
[52116]
[51213]
[56576]
[55905]
[51949]
[53576]
[55093]
[57552]
[56920]
[53355]
[55905]
[51949]
[53576]
[55093]
[48491]
[57552]
[56920]
[53355]
[54748]
[56386]
[50327]
[48471]
[57846]
[56489]
[51581]
[52252]
[54778]
[52169]
[56248]
[48380]
[52462]
[52380]
[53635]
[51627]
[57410]
[53006]
[52678]
[56296]
[55017]
[56487]
[55845]
[51206]
[56489]
[51581]
[52252]
[54778]
[52169]
[56248]
[48380]
[51677]
[52283]
[55957]
[52243]
[52054]
[55324]
[48470]
[57501]
[54737]
[55970]
[55205]
[53306]
[50326]
[57491]
[51431]
[53352]
[52826]
[55972]
[57409]
[51936]
[55990]
[56268]
[55843]
[51221]
[51840]
[62579]
[57408]
[53701]
[52502]
[57490]
[54815]
[51617]
[51948]
[53351]
[56250]
[52596]
[54877]
[56256]
[51632]
[56270]
[53713]
[51617]
[51948]
[53351]
[56250]
[52951]
[48469]
[51811]
[57419]
[52155]
[51716]
[52432]
[52329]
[52070]
[51580]
[53334]
[52382]
[52188]
[52058]
[52838]
[51304]
[51803]
[52918]
[51993]
[57419]
[51811]
[52155]
[51716]
[52432]
[52329]
[52070]
[51580]
[48468]
[52074]
[51441]
[52892]
[51961]
[52579]
[52966]
[51916]
[51947]
[52119]
[52834]
[52403]
[51974]
[55101]
[53558]
[52953]
[51799]
[52955]
[52466]
[53641]
[47511]
[51568]
[52051]
[51407]
[52479]
[51618]
[53194]
[52659]
[52179]
[52479]
[51618]
[53194]
[52659]
[52179]
[52379]
[53553]
[52013]
[48467]
[52950]
[51958]
[52242]
[52320]
[52216]
[51333]
[52461]
[52489]
[53634]
[52793]
[56758]
[52973]
[52704]
[51998]
[51205]
[51527]
[52337]
[52210]
[52453]
[51857]
[53712]
[48466]
[51353]
[53004]
[55208]
[51685]
[52887]
[54814]
[55932]
[52251]
[53704]
[52168]
[54982]
[48490]
[51676]
[51839]
[54746]
[51979]
[51211]
[53700]
[51579]
[52339]
[54777]
[52979]
[52378]
[52484]
[55195]
[52282]
[56254]
[51526]
[55991]
[51353]
[53004]
[55208]
[51685]
[48465]
[52949]
[51600]
[54979]
[51990]
[52825]
[51934]
[51219]
[51715]
[52228]
[52431]
[53333]
[52187]
[51199]
[51616]
[52351]
[51199]
[51616]
[52351]
[47723]
[55246]
[51539]
[55191]
[51778]
[52060]
[48464]
[52069]
[52019]
[55201]
[51263]
[51969]
[52989]
[52050]
[51838]
[52572]
[51802]
[48721]
[52891]
[53667]
[52543]
[52194]
[52389]
[52881]
[51708]
[52308]
[56347]
[52069]
[52019]
[55201]
[51263]
[52989]
[52050]
[51969]
[52948]
[48463]
[53292]
[51631]
[55220]
[51827]
[51574]
[51935]
[55197]
[52960]
[52336]
[53292]
[52239]
[52488]
[53633]
[51284]
[52141]
[54812]
[54745]
[48942]
[54859]
[51567]
[52509]
[52328]
[52915]
[55198]
[51406]
[50483]
[48642, 1010809, 1009338, 1010808]
[54751]
[53702]
[54986]
[52972]
[48970]
[53261]
[54988]
[54744]
[54981]
[52142]
[55216]
[51997]
[52281]
[48462]
[55212]
[52172]
[53694]
[51338]
[52215]
[55213]
[55015]
[52072]
[54824]
[52541]
[48717]
[53468]
[52209]
[52241]
[51973]
[53574]
[55058]
[55211]
[56328]
[51208]
[52541]
[48717]
[53468]
[52241]
[52209]
[51973]
[53574]
[55058]
[55211]
[56328]
[51208]
[55085]
[52810]
[51577]
[55207]
[52000]
[52578]
[48461]
[52947]
[54775]
[55203]
[52405]
[54992]
[55154]
[52971]
[52452]
[53522]
[52014]
[52483]
[52978]
[48298]
[51332]
[51907]
[52965]
[52672]
[51933]
[52792]
[54826]
[55219]
[55027]
[51675]
[51204]
[51837]
[53699]
[56326]
[48379]
[55008]
[52374]
[55204]
[48460]
[53651]
[51375]
[56346]
[55019]
[55030]
[56344]
[53543]
[51957]
[55011]
[51218]
[55037]
[52186]
[52778]
[52049]
[51538]
[55061]
[51801]
[53631]
[51978]
[51228]
[51215]
[50453]
[55023]
[51217]
[52440]
[54983]
[52430]
[52056]
[52327]
[52335]
[54983]
[52430]
[52056]
[52327]
[52335]
[52946]
[48459]
[51405]
[55040]
[47510]
[51831]
[51525]
[54993]
[52963]
[53096]
[52273]
[51777]
[52307]
[54779]
[52068]
[51373]
[55039]
[51561]
[52238]
[49903]
[52250]
[48489]
[52593]
[52824]
[51399]
[51714]
[51797]
[51562]
[52594]
[53581]
[55005]
[51545]
[51405]
[55040]
[47510]
[55005]
[48458]
[52197]
[55028]
[52531]
[55038]
[52889]
[52245]
[51198]
[52240]
[52132]
[48229]
[55169]
[51972]
[53291]
[52011]
[55012]
[51706]
[52214]
[53540]
[51630]
[55031]
[52577]
[56306]
[49203]
[54728]
[52459]
[51855]
[53573]
[51808]
[52133]
[55044]
[53693]
[52166]
[52890]
[51573]
[54852]
[55013]
[51401]
[52500]
[53693]
[52166]
[52890]
[54852]
[55013]
[51401]
[52500]
[51559]
[54800]
[55010]
[52482]
[48457]
[52945]
[50440]
[52934]
[53382]
[52977]
[51301]
[52708]
[53538]
[52657]
[52964]
[52968]
[52208]
[52763, 1011299, 1009652]
[51932]
[52791]
[51331]
[51674]
[52151]
[56324]
[52745]
[49529]
[51835]
[50439]
[53697]
[52886]
[51403]
[52487]
[52373]
[53382]
[52977]
[51301]
[52708]
[53538]
[56322]
[56319]
[56317]
[51976]
[54734]
[52297]
[51262]
[51710]
[51977]
[51861, 1011299, 1009477]
[53638]
[53545]
[49316]
[52055]
[56004]
[53545]
[49316]
[52055]
[56004]
[51995]
[53551]
[51971]
[53342]
[51275]
[52429]
[53066]
[51994]
[52303]
[51859]
[53474]
[56003]
[51524]
[52944]
[53572]
[49893]
[53552]
[52880]
[51202]
[52480]
[48670]
[52933]
[52333]
[51203]
[53390]
[52334]
[55975]
[51516]
[53476]
[52207]
[53569]
[51449]
[52656]
[51713]
[51829]
[51903]
[51903]
[49232]
[53652]
[52575]
[52486]
[49893]
[52048]
[53572]
[52237]
[53534]
[52481]
[53259]
[53015]
[51712]
[52349]
[53657]
[53707]
[52450]
[52719]
[48488]
[50552]
[52850]
[53473]
[51629]
[52499]
[51366]
[51875]
[52820]
[52831]
[52165]
[52036]
[51558]
[51673]
[53653]
[52067]
[52932]
[52175]
[51956]
[52249]
[51572]
[52271]
[53613]
[51565]
[51931]
[52931]
[51885]
[51389]
[52674]
[52319]
[53547]
[52790]
[53639]
[52472]
[53612]
[52447]
[52401]
[53548]
[52530]
[51563, 1017575, 1009365, 1009610, 1010326]
[50650]
[52010]
[53610]
[55832]
[51884]
[47509]
[55831]
[52777]
[51967]
[48722]
[51330]
[52386]
[53611]
[53386]
[53251]
[52986]
[52985]
[53589]
[52277]
[52267, 1009281, 1009282, 1011019]
[52744]
[49883]
[53589]
[52296]
[52277]
[53395]
[52267, 1009281, 1009282, 1011019]
[52744]
[51826]
[51246]
[52443]
[52498]
[51415]
[53407]
[52184]
[53018]
[53187]
[52268]
[52275]
[52236]
[53344]
[53344]
[52943]
[52268]
[52275]
[51988]
[52236]
[52553]
[55642]
[52276]
[53373]
[53583]
[51825]
[48398, 1009165]
[51337]
[52930]
[53192]
[53201]
[48338]
[51614]
[51824]
[52213]
[53343]
[49991]
[52789]
[53384]
[52655]
[53396]
[51456]
[52767]
[51348]
[52929]
[53297]
[51989]
[51329]
[53195]
[52748]
[53587]
[51536]
[53393]
[52935]
[51300]
[51448]
[52768]
[51911]
[52053]
[55080]
[53584]
[52174]
[48977]
[51912]
[52789]
[53384]
[52655]
[53396]
[51456]
[52819]
[52128]
[52515]
[52066]
[51557]
[51599]
[52295]
[53434]
[52218]
[51775]
[52034]
[53403]
[53065]
[52928]
[52127]
[52743]
[53590]
[52299]
[51707]
[52248]
[53416]
[53401]
[52552]
[53417]
[51830]
[52127]
[52299]
[52034]
[52743]
[53590]
[51707]
[52248]
[53416]
[51570]
[53433]
[55288]
[52516]
[53585]
[51672]
[52164]
[53515]
[49213]
[51388]
[51447]
[53349]
[55078]
[52427]
[48983]
[49682]
[53394]
[53514]
[51955]
[53076]
[52668]
[53591]
[52718]
[48487]
[53341]
[51365]
[51571]
[50551]
[53516]
[51260]
[53385]
[53350]
[53385]
[51365]
[51571]
[53516]
[52718]
[48487]
[51260]
[53350]
[50551]
[52211]
[50520]
[48701]
[52154]
[51328]
[41097]
[50076, 1009165]
[52927]
[53582]
[51501]
[50463]
[47508]
[52400]
[52855]
[52776]
[53383]
[51464]
[53415]
[52849]
[51496]
[53423]
[52529]
[53092]
[52385]
[53588]
[52008]
[51503]
[51628]
[51915]
[52269]
[49315]
[51605]
[51452]
[47508]
[52400]
[52855]
[52776]
[53383]
[51464]
[53415]
[52849]
[51496]
[53423]
[52529]
[53092]
[47281]
[53649]
[51670]
[47811]
[53078]
[52345]
[53063]
[48993]
[51900]
[51670]
[47811]
[52345]
[52878]
[49057]
[51347]
[53071]
[52266, 1009664]
[50508]
[51899, 1011299, 1011277]
[52442]
[52033]
[52757]
[51697, 1009268]
[51987]
[51872]
[51521]
[52878]
[49057]
[51347]
[53078]
[52266, 1009664]
[50508]
[51901]
[52294]
[52442]
[52757]
[51697, 1009268]
[51872]
[51521]
[52177]
[52183]
[52758]
[53097]
[53080]
[50321]
[52163]
[50649]
[53017]
[51928]
[53028]
[52717]
[48486]
[53014]
[54951]
[51556]
[51917]
[49972]
[53055]
[47945]
[55122, 1009220, 1009368]
[52173]
[51298]
[52371]
[51335]
[53067]
[50462]
[51434]
[52065]
[51964]
[51327]
[54950]
[51245]
[49285]
[51535]
[52496]
[52925]
[52775]
[52788]
[52046]
[51299]
[53051]
[52803]
[52235]
[55221, 1009220]
[52163]
[50649]
[53017]
[52717]
[48486]
[51928]
[53028]
[51457]
[51696, 1009268]
[51821]
[52924]
[51954]
[53058]
[47667]
[48337]
[52996]
[52987]
[53074]
[52138]
[52247]
[51569]
[53544]
[51821]
[51954]
[53058]
[52924]
[47667]
[48337]
[52996]
[52987]
[53074]
[52138]
[52247]
[51569]
[53544]
[52765]
[52652]
[53081]
[53022]
[53068]
[51926]
[51822]
[49212]
[51336]
[49199]
[53057]
[51953]
[51717]
[51924]
[51326]
[53073]
[53098]
[53089]
[52551]
[53091]
[53130]
[52139]
[53082]
[52527]
[51598]
[51493]
[51495]
[51494]
[51042]
[51923]
[49517]
[51446]
[53101]
[51919]
[51364]
[53009]
[52198]
[51256, 1009338]
[53086]
[50421]
[49314]
[48396, 1009165]
[48378]
[52317]
[53052]
[51922]
[50251]
[51923]
[49517]
[51446]
[51919]
[51256, 1009338]
[51364]
[53009]
[52198]
[50421]
[48396, 1009165]
[49314]
[52399]
[48378]
[53052]
[52317]
[53123]
[51295]
[51293]
[47280]
[51612]
[52523]
[52550]
[51986]
[52821]
[51274]
[52441]
[52426]
[50600]
[51611]
[52526]
[51252]
[51297]
[51644]
[51668]
[52182]
[52549]
[47539]
[52264]
[52227]
[53422]
[51499]
[53597]
[50549]
[52741]
[52823]
[52425]
[51818]
[52922]
[52525]
[51296]
[51528]
[51661]
[52822]
[47821]
[51739]
[52263, 1009187, 1009223]
[52226]
[51325]
[52847]
[53606]
[52846]
[52828]
[51324]
[53596]
[52424]
[51820]
[51986]
[51274]
[51694, 1009268]
[52523]
[52550]
[52821]
[51489]
[51492]
[51491]
[51597]
[51773]
[52029]
[52064]
[52961]
[52921]
[51243]
[51583]
[51533]
[52492]
[52171]
[52045]
[52491]
[49186]
[49088]
[52292]
[51772]
[52494]
[52716]
[52397]
[52836]
[52876]
[51251]
[51555]
[49313]
[51512]
[49126]
[49100]
[48720]
[47225]
[51534]
[52495]
[52398]
[51445]
[48336]
[49211]
[52721]
[52396]
[52755]
[51320]
[51292]
[52941]
[52756]
[52402]
[51897]
[51323]
[50507]
[52755]
[51320]
[51292]
[52756]
[52402]
[52941]
[52162]
[51781]
[51897]
[49511]
[52816]
[52143]
[48703]
[51321]
[51870]
[51322]
[49029]
[53529]
[52144]
[52920]
[52817]
[52936]
[51896, 1011299, 1011277]
[51450]
[51871]
[51041]
[50482]
[48641, 1010809, 1009338]
[49970]
[52919]
[51414]
[49099]
[51363]
[51384]
[49710]
[52774]
[52785]
[51909]
[51828]
[52381]
[52787]
[52845]
[50420]
[52383]
[51249]
[51361]
[52196]
[52556]
[48395, 1009165]
[51382]
[51386]
[49635]
[51908]
[52800]
[51362]
[52316]
[51385]
[51963]
[51910]
[52840]
[52645]
[51451]
[47279]
[52261, 1009187, 1010326, 1009638]
[52841]
[50304]
[50548]
[52916]
[52874]
[52843]
[48403]
[47820]
[49902]
[52837]
[52571]
[52548]
[52917]
[51273]
[52547]
[52875]
[52279]
[52291]
[51985]
[51345]
[51693, 1009268]
[52814]
[52779]
[52261, 1009187, 1010326, 1009638]
[50548]
[52841]
[52916]
[52874]
[50304]
[52843]
[50557]
[52004]
[52342]
[52395]
[49504]
[52146]
[52914]
[52835]
[53054]
[52395]
[52739]
[51463]
[52340]
[49056]
[51281]
[51815]
[48484]
[51554]
[50557]
[52004]
[52342]
[52393]
[51318]
[51817]
[51080]
[51282]
[52063]
[52393]
[49087]
[47947]
[51532]
[52044]
[51816]
[50688]
[52040]
[52343]
[51319]
[51895]
[49504]
[52146]
[52394]
[52914]
[52835]
[53054]
[51344]
[48394, 1009165]
[48708]
[49535]
[51869]
[52706]
[49210]
[52422]
[51343]
[52598]
[50460]
[51411]
[51691, 1009268]
[51770]
[53337]
[52161]
[48669]
[50506]
[53061]
[52753]
[51498]
[49042]
[51692]
[49933]
[51240]
[51782]
[49268]
[48335]
[51610]
[53336]
[52707]
[47517]
[51868]
[49028]
[52423]
[52910]
[51771]
[51413]
[51596]
[51040]
[53276]
[51360]
[49634]
[51454]
[52906]
[52715]
[51728]
[53056]
[52780]
[50383]
[53274]
[51376]
[53275]
[52313]
[51374]
[49706]
[45811]
[52773]
[52784]
[52225]
[52315]
[51380]
[52907]
[52903]
[51379]
[51359]
[52203]
[52909]
[51727]
[50547]
[53272]
[51317]
[51377]
[51455]
[52904]
[51542]
[49233]
[50319]
[52782]
[53077]
[47911]
[52224]
[52314]
[53059]
[53090]
[52783]
[52940]
[51381]
[53273]
[52905]
[48483]
[49312]
[51378]
[52407]
[51277]
[52416]
[52414]
[52408]
[52415]
[51276]
[52412]
[52409]
[52417]
[52406]
[52413]
[51113]
[51278]
[52407]
[51277]
[52416]
[47278]
[51170]
[49125]
[51173]
[47979]
[50361]
[51167]
[51174]
[51169]
[49041]
[50303]
[51748]
[51172, 1009165, 1009189, 1009220, 1009297, 1009351, 1011335]
[51159, 1009268]
[51165]
[52202]
[50459]
[51272]
[51158]
[51303]
[51168]
[51171]
[52178]
[49027]
[51768]
[51155]
[52714]
[51424]
[49209]
[49055]
[51424]
[49209]
[52714]
[49055]
[51238]
[50607]
[51160]
[51162]
[51519]
[49098]
[51531]
[47819]
[51290]
[50562]
[51769]
[50538]
[48873]
[52160]
[51425]
[52885]
[52544]
[50687]
[51511]
[51316]
[48300]
[51423]
[50206]
[52813]
[52884]
[51914]
[51334]
[51147]
[49267]
[52772]
[52545]
[50443]
[48092]
[51422]
[48393, 1009165]
[50318]
[52812]
[51444]
[50579]
[50606]
[47516]
[50586]
[52885]
[50505]
[51150]
[51746]
[52542]
[50556]
[49932]
[45810]
[48091]
[51039]
[51354]
[48699]
[51143, 1009268, 1009726]
[51356]
[51118]
[51141]
[50382]
[52750]
[52975]
[51867]
[52222]
[51352]
[52962]
[51355]
[50344]
[51138]
[51137]
[51136]
[51566]
[47978]
[51139]
[52752]
[52976]
[47818]
[51140]
[49311]
[52223]
[51595]
[47277]
[51091]
[51145]
[45801]
[51340]
[51085]
[48042]
[48847]
[52324]
[48907]
[50537]
[51082]
[49834]
[48365]
[49176]
[51550]
[48365]
[50302]
[49532]
[48400]
[48606]
[51765]
[51081]
[50458]
[47809]
[48341]
[51086]
[51341]
[52259, 1009281, 1009282, 1011307, 1009664]
[49861]
[51087]
[50546]
[52438]
[49175]
[51065]
[49390]
[49085]
[51063]
[52257, 1009189, 1009281, 1009368, 1009608, 1009525]
[45809]
[50561]
[51412]
[49837]
[50605]
[51068]
[51688]
[49783]
[51443]
[52258]
[50317]
[47997]
[51069, 1011299, 1009508, 1009663]
[50406]
[48924]
[49931]
[52873]
[50317]
[47997]
[50406]
[48924]
[51069, 1011299, 1009508, 1009663]
[49931]
[52873]
[48392, 1009165]
[47826]
[51420]
[51078]
[51892]
[51064]
[49238]
[51315]
[51067, 1009175, 1009268, 1009472]
[49820]
[52234]
[47817]
[48421]
[50317]
[47997]
[51079]
[48548]
[49124]
[49795]
[48087]
[49208]
[51055]
[50604]
[48100]
[51060]
[51057]
[51053]
[51056]
[50212]
[50588]
[51058]
[47515]
[48088]
[47515]
[48088]
[48548]
[47765]
[49124]
[48225]
[49795]
[49208]
[51055]
[48482]
[50604]
[51056]
[51057]
[51053]
[49187]
[49633]
[47977]
[51102]
[51116]
[49704]
[49809]
[50788]
[50603]
[51024]
[49201]
[50555]
[50686]
[50233]
[51048]
[48966]
[51050]
[45808]
[49297]
[49703]
[51051]
[51052]
[50316]
[48284]
[50381]
[49832]
[53277]
[53271]
[51586]
[51594]
[48101]
[50978, 1011299, 1009652]
[50780]
[48781]
[50981]
[48086]
[50985]
[51096]
[50982]
[47816]
[50519]
[50986]
[50984]
[47276]
[46403]
[48085]
[50986]
[47276]
[46403]
[48085]
[48947]
[49053]
[48906]
[49782]
[50906]
[51090]
[51123]
[49528]
[49123]
[48030]
[50977, 1009268]
[50442]
[50976]
[49930]
[50602]
[49180]
[45807]
[49537]
[49899]
[47976]
[50975]
[51021]
[48228]
[48391, 1009165]
[50301]
[49528]
[49123]
[48030]
[50977, 1009268]
[50442]
[48846]
[50973]
[49185]
[50972]
[50380]
[50545]
[48292]
[47934]
[47779]
[49198]
[45799]
[50949]
[50601]
[50974]
[50597]
[50473]
[48905]
[49781]
[49503]
[50359]
[50963]
[49207]
[48987]
[48923]
[49039]
[47935]
[49198]
[50963]
[45799]
[50601]
[50597]
[50473]
[47514]
[51092]
[49929]
[50211]
[50314]
[48982]
[49265]
[49700]
[45806]
[50599]
[50345]
[48732]
[48390, 1009165]
[50503]
[51097]
[49929]
[50211]
[50314]
[48982]
[49265]
[49700]
[45806]
[50599]
[47514]
[50345]
[50653]
[49228]
[48481]
[50962]
[49192]
[50965]
[49631]
[51023]
[51119]
[49698]
[48729]
[49084]
[51031]
[51121]
[48333]
[51035]
[49892]
[50970]
[50966]
[50544]
[50961]
[48975]
[49696]
[47996]
[48592]
[51120]
[50694]
[50964]
[49826]
[50948]
[47275]
[50904]
[48780]
[48922]
[48029]
[49524]
[47984]
[48519]
[48090]
[50096]
[48125]
[48813]
[50956]
[48872]
[48638, 1011299, 1009652]
[50456]
[48363]
[49855]
[50300]
[47815]
[48726]
[48089]
[48623, 1009268]
[48041]
[49534]
[50957]
[51028]
[50955]
[48389, 1009165]
[48252]
[49206]
[49052]
[49038]
[50210]
[46558]
[48535]
[49144]
[50575]
[48047]
[48535]
[48047]
[49144]
[50575]
[50959]
[49838]
[49227]
[48904]
[50379]
[48684]
[46926]
[50236]
[50960, 1009610]
[50928]
[51022]
[47475]
[50830]
[51410, 1011307]
[49284]
[48640, 1010808]
[45805]
[50616]
[49231]
[47814]
[48071]
[49024]
[50947]
[49531]
[48622, 1009268]
[49096]
[50954]
[47513]
[49780]
[48312]
[51017]
[48921]
[49928]
[50951]
[48070]
[50502]
[49264]
[49284]
[48640, 1010808]
[50953]
[49300]
[50950]
[48683]
[49694]
[50174]
[50988]
[50224]
[47824]
[49530]
[48591]
[50693]
[48692]
[49888]
[49122]
[49310]
[50595]
[49122]
[50693]
[48692]
[49310]
[49888]
[50595]
[48845]
[50771]
[47974]
[49630]
[47538]
[47995]
[49388]
[50917]
[47274]
[50903]
[48978]
[48388, 1009165]
[49226]
[48903]
[49901]
[47813, 1009438, 1009664]
[50927]
[49263]
[48546]
[48332]
[49526]
[50512]
[54440]
[48555]
[47932]
[48637, 1011299, 1009652]
[48779]
[48289]
[50209]
[42682]
[49248]
[49822]
[47983]
[48871]
[50282, 1011299]
[48534, 1009726]
[50261]
[48978]
[48388, 1009165]
[48984]
[49226]
[48288]
[48903]
[49779]
[48812]
[49854]
[48920]
[54114]
[51015]
[48667]
[48533]
[49299]
[50299]
[49806]
[49854]
[48533]
[51015]
[50299]
[48667]
[49299]
[49262]
[49806]
[46008]
[47973]
[50943]
[49051]
[48282]
[49037]
[49520]
[49378]
[48800]
[48691]
[48028]
[50594]
[50574]
[48870]
[50501]
[50939]
[49927]
[49134]
[48621, 1009268]
[53959]
[50931]
[48311]
[50932]
[45804]
[49247]
[47812]
[48590]
[50378]
[48691]
[48028]
[50594]
[48554]
[48311]
[50931]
[50932]
[47676]
[48044]
[49692]
[50926]
[49205]
[50223]
[48844]
[50938]
[46194]
[50692]
[49711]
[50053]
[49121]
[49309]
[50681]
[49527]
[49629]
[48044]
[48844]
[49692]
[50926]
[49205]
[50223]
[50938]
[46194]
[50692]
[49711]
[50053]
[49121]
[49309]
[50681]
[49527]
[49629]
[47533]
[50895]
[48227]
[50937]
[48399]
[50652]
[48690]
[50895]
[50916]
[49516]
[48111]
[54477]
[47772]
[48636, 1010338, 1011299]
[49225]
[47936]
[48224]
[48639, 1010809, 1009338]
[50748]
[50298]
[48227]
[50937]
[48387, 1009165]
[50618]
[48111]
[47772]
[48636, 1010338, 1011299]
[50454]
[47936]
[48224]
[50944]
[47273]
[50405]
[49036]
[48859]
[47480]
[47665]
[48901]
[45963]
[48605]
[48361]
[50892]
[48327]
[50173]
[47665]
[50892]
[45963]
[48605]
[48361]
[49261]
[48327]
[50173]
[50409]
[48620, 1009268]
[48778]
[49298]
[50893]
[50902]
[48951]
[48331]
[50891]
[48799]
[48681]
[50207]
[50769, 1010802]
[49120]
[47972]
[50592]
[49094]
[48811]
[47940]
[49009]
[48919]
[54113]
[50935]
[49522]
[50573]
[48951]
[48799]
[48331]
[47941]
[49808]
[50891]
[48681]
[49808]
[50050]
[48343]
[48027]
[49246]
[50889]
[53958]
[49022]
[49598]
[48553]
[49035]
[49008]
[48386, 1009165]
[50911]
[47775]
[49926]
[48619, 1009268]
[50111]
[48968]
[47982]
[49790]
[48027]
[49900]
[53958]
[50535]
[49022]
[50890]
[48360]
[49035]
[48310]
[48386, 1009165]
[50852]
[48589]
[50733]
[50854]
[50752]
[47993]
[50276]
[48727]
[49688]
[49523]
[49461]
[49687]
[49677]
[50887, 1010733]
[49204]
[50221, 1010744]
[49296, 1009724]
[50907]
[46662]
[50691]
[49628]
[49386]
[49308]
[50277]
[49081]
[49191]
[49689]
[50768]
[49007]
[48855]
[49518]
[47971]
[49676]
[48918]
[50934]
[50235]
[50915]
[47272]
[50172]
[48790]
[50583]
[49224]
[47579]
[49776]
[49093]
[49831]
[48552]
[48048]
[54438]
[50433]
[48635, 1010338, 1011299]
[49260]
[48777]
[45802]
[50572]
[49509]
[50848]
[49046]
[50850]
[49513]
[50849]
[49519]
[47822]
[50323]
[50901]
[54476]
[50205]
[49833]
[49245]
[48842]
[50434]
[50110]
[47823]
[49925]
[50591]
[49913]
[48771]
[49385]
[49049]
[48330]
[47951]
[48854]
[48900]
[49034]
[48753]
[48680]
[48385, 1009165]
[50736]
[48279]
[48680]
[48385, 1009165]
[48854]
[48753]
[50736]
[48279]
[48688]
[47916]
[48798]
[50014]
[47943]
[49512]
[50044]
[50296]
[48291]
[50499]
[50728]
[50377]
[48280]
[48326]
[48309]
[48810]
[50862]
[50534]
[48290]
[50343]
[50531]
[48531]
[50049]
[48989]
[48618, 1009267, 1009268]
[50750]
[49021]
[48789]
[50257]
[45834]
[49119]
[48551]
[48291]
[49259]
[48789]
[50257]
[45834]
[49119]
[48551]
[49259]
[47615]
[50851]
[50701]
[49684]
[47992]
[49254]
[48129]
[49686]
[48026]
[47970]
[49465]
[49505]
[49515]
[50747]
[50732]
[47748]
[49627]
[48588]
[50590]
[48770]
[49384]
[50587]
[49969]
[49685]
[50022]
[49080]
[49821]
[50452]
[49489]
[48518]
[49202]
[47615]
[50701]
[50851]
[49254]
[47271]
[48402]
[50530, 1009652]
[50518]
[50900]
[54475]
[49506]
[49912]
[50790]
[49789]
[49223]
[50696]
[48072]
[48325, 1011339]
[48725]
[48384, 1009165]
[48867]
[48986]
[48617, 1009268]
[48867]
[45888]
[50369]
[47950]
[48358]
[48617, 1009268]
[54691]
[50019]
[50052]
[48769]
[50713]
[54437]
[49092]
[48073]
[48634, 1011299]
[48776]
[49243]
[47810]
[49678]
[50062]
[47810]
[49678]
[48985]
[48687]
[48419]
[49324]
[48797]
[48981]
[50608]
[49624]
[49498]
[50392]
[48377]
[49626]
[48853]
[50010]
[54111]
[50064]
[50765, 1009187]
[50171]
[48286]
[50013]
[50735]
[48025]
[48718]
[50589]
[49401]
[49623]
[45800]
[47969]
[50376]
[45776]
[49625]
[48899]
[48916]
[49033]
[48679]
[48809]
[48604]
[49048]
[49130]
[48616, 1009268]
[50749]
[50727]
[50426]
[50126]
[50349]
[49713]
[48707]
[50009]
[50024]
[50533, 1009577]
[48067]
[50498]
[48990]
[49242]
[50295]
[49258]
[50427]
[47740]
[49924]
[53956]
[49020]
[49993]
[49256]
[48066]
[49774]
[48383, 1009165]
[48768]
[48550]
[47465]
[48308]
[50846]
[48587]
[48530]
[49502]
[48788]
[47746]
[50293]
[48536]
[48302]
[47229]
[47991]
[49620]
[48808]
[49005, 1009726]
[47968]
[48278]
[49491]
[50744]
[48915]
[49886]
[49045]
[48536]
[50746]
[47980]
[46165]
[50840]
[49962]
[50731]
[50840]
[49962]
[48517]
[49200]
[48733]
[49269]
[50742]
[50028]
[37660]
[47991]
[49620]
[50698]
[47968]
[49491]
[49508]
[50744]
[48302]
[48915]
[47229]
[50746]
[49719]
[48169]
[46192]
[50471]
[50577]
[50695]
[46968]
[50478]
[49371]
[45798]
[49923]
[50312, 1009610]
[48749]
[47929]
[48329]
[50375]
[49721]
[50468]
[48283]
[48529]
[49847]
[46798]
[49241]
[54474]
[48018]
[50718]
[50043]
[50309]
[49400]
[47928]
[48787, 1009187, 1009368, 1009466]
[47458]
[50391]
[47589]
[49722]
[48382, 1009165]
[48247]
[47270]
[47939]
[50719]
[50467]
[49047, 1009288]
[50719]
[49773]
[48357]
[47939]
[50642]
[49499]
[48807]
[50308]
[49405]
[54436]
[50001]
[39992]
[48782]
[49730, 1009288]
[50016]
[48633, 1011299]
[49287]
[49222]
[49813]
[49911]
[48549]
[47938]
[49727]
[48832]
[48418]
[46395]
[50368]
[50061]
[50578]
[47473]
[48866]
[49032]
[50342]
[47805]
[48686]
[50388, 1009351]
[49044]
[48678]
[50739]
[49369]
[50723]
[48024]
[50580]
[49788]
[48852]
[47915]
[54690]
[48796]
[50743]
[50063]
[50066]
[49240]
[50722]
[50372, 1009351]
[50720]
[50466]
[47804]
[50072]
[47778]
[48898]
[50387]
[54119]
[50485]
[50307]
[50032]
[48102]
[50390]
[48039, 1009610]
[50070]
[49922]
[49129]
[50058]
[47805]
[48324]
[49992]
[45832]
[48547]
[50654]
[48865]
[50710]
[50494]
[49257]
[50656]
[49495]
[48698]
[50292]
[47588]
[49736]
[47967]
[50169, 1009279]
[50012]
[47675]
[50492]
[50348]
[50581]
[40597]
[49825]
[49195]
[47614]
[49735]
[50683]
[50709]
[50493]
[50655]
[48698]
[47675]
[49992]
[47588]
[50169, 1009279]
[49738]
[49470]
[50366]
[40597]
[50008]
[50023]
[48615, 1009268, 1009726]
[48528, 1009726]
[50000]
[45832]
[48547]
[49738]
[50654]
[49470]
[50396]
[50366]
[50008]
[50306]
[50023]
[47637]
[48615, 1009268, 1009726]
[48528, 1009726]
[47659]
[50740]
[49501]
[49570]
[50029]
[49543]
[49059]
[47659]
[50740]
[49501]
[49570]
[49543]
[50144]
[49059]
[48586]
[49572, 1009438]
[50464]
[47167]
[47990]
[49823]
[49043]
[48235]
[50305]
[47808]
[49078]
[50684]
[49464]
[48126]
[50682]
[46956]
[50026]
[49573]
[49463]
[49382]
[49117]
[48914]
[48299]
[50832]
[49004]
[47296]
[50569]
[48031]
[48038, 1009276, 1009610]
[49757]
[47739]
[47474]
[49617]
[49947]
[49910]
[47089]
[49617]
[50474]
[48083]
[48786, 1009187, 1009282, 1009466]
[48831]
[50367]
[47807]
[46872, 1010808]
[49616]
[48031]
[48381, 1009165]
[50441]
[48038, 1009276, 1009610]
[48614, 1009214, 1009268, 1009471]
[47739]
[48023]
[49761]
[48381, 1009165]
[50441]
[49365]
[48614, 1009214, 1009268, 1009471]
[49488]
[48023]
[49761]
[48943]
[47505]
[48565, 1009165, 1009220, 1010338, 1009351, 1009368, 1009157, 1009608, 1009718]
[49756]
[48084]
[48655]
[50657]
[50487]
[48806]
[50640]
[54435]
[49615]
[48032]
[50011]
[39923]
[49017]
[48632, 1011299, 1009726, 1011277]
[49618]
[49221]
[48693]
[47966]
[47295]
[49742]
[49090, 1017577]
[48897]
[50244]
[54118]
[47930]
[50031]
[49816]
[48766]
[49673]
[54145]
[49766]
[48226]
[50347]
[50069]
[50570]
[50469]
[42391]
[50057]
[49031]
[49740]
[46954]
[47719]
[48685]
[49718, 1009262]
[48677]
[47931]
[50435]
[50074]
[50245, 1009262]
[48356]
[49816]
[48766]
[49673]
[54145]
[49766]
[50469]
[42391]
[50347]
[50057]
[50069]
[50570]
[46954]
[49031]
[47719]
[48685]
[49740]
[47931]
[50435]
[49718, 1009262]
[48677]
[49295]
[47294]
[50831]
[50793]
[49583]
[50285]
[49726]
[50794]
[46994]
[49921]
[46905]
[50286]
[47612]
[47965]
[47727]
[50338]
[48323]
[48613, 1009268]
[48545]
[48250]
[47965]
[46994]
[46905]
[50338]
[48613, 1009268]
[47727]
[48323]
[48545]
[49811]
[48527]
[48250]
[49364]
[53954]
[49724]
[49772]
[54689]
[46989]
[49018, 1010338]
[48037, 1009610, 1014873]
[50015, 1009299]
[50792]
[46871, 1010809, 1009338]
[49943, 1010733]
[47764]
[49671]
[50438]
[45774]
[50288]
[50816]
[50068, 1009718]
[47989]
[49294]
[47293]
[47587]
[50472]
[49830]
[47985]
[50033]
[48515]
[46886]
[49381]
[49116]
[47169]
[48896]
[48913, 1009417]
[50150]
[48585]
[50346]
[50056]
[48965]
[50230]
[48765]
[49746, 1009417]
[47924]
[49768]
[49828]
[49077]
[46359]
[47587]
[50472]
[49746, 1009417]
[48965]
[50230]
[49768]
[49828]
[47924]
[49077]
[49750]
[46359]
[48676, 1009257]
[49293]
[47292]
[46492]
[47912]
[50246]
[48818, 1009144, 1011220, 1009552]
[50045]
[49612]
[48564, 1009165, 1009220, 1009368, 1009157]
[50060]
[48654]
[50278]
[48068]
[50067]
[54434]
[49614]
[49220]
[48322]
[49771]
[48130]
[48912]
[49946]
[48955]
[46442]
[49850]
[47504]
[49366]
[47603]
[50779]
[49853]
[50415]
[48036, 1009610]
[49611]
[47456]
[48863]
[47913]
[49343]
[47923]
[49237]
[43294, 1011299, 1009726, 1011277]
[50247, 1009299]
[49613]
[48069]
[42681]
[49849]
[48731]
[48612, 1009268]
[48015]
[48198]
[47252]
[50067]
[48198]
[47291]
[49292]
[46133]
[48022, 1009718, 1009726]
[50414]
[46953]
[49857]
[49714]
[50055]
[50123]
[49859]
[48594]
[48747]
[49716]
[47771]
[50120]
[48793]
[50073]
[49714]
[50123]
[48675]
[49859]
[49716]
[49379, 1009515]
[54117]
[47771]
[48793]
[50073]
[50037]
[46597]
[54144]
[49063]
[48830]
[50181]
[48128]
[50188]
[50003]
[50400]
[49016]
[49486]
[46793]
[46134]
[50006]
[49103]
[49858]
[48584]
[49715]
[48022, 1009718, 1009726]
[47290]
[49648]
[48611, 1009268]
[46063]
[49942]
[50407]
[47964]
[49920]
[53953]
[48850]
[47531]
[49595]
[50104]
[49862]
[48035, 1009610, 1009717]
[49649]
[45959]
[49362]
[50403]
[49864]
[49650]
[49196]
[46188]
[50408]
[49988]
[48817, 1009144, 1011220, 1009552]
[49996]
[46262]
[49409]
[49919]
[46934, 1009165]
[50412]
[50398]
[49642]
[50734]
[46993]
[47674]
[49597, 1009583]
[48526]
[49916]
[49863]
[49651]
[50753]
[48911]
[45830]
[47738]
[50402]
[49641]
[49115]
[49785]
[49648]
[46063]
[50407]
[48611, 1009268]
[49942]
[48850]
[47964]
[46261]
[49920]
[50411]
[53953]
[49322]
[47289]
[49484]
[48784, 1009184, 1009187, 1009282, 1009368, 1009459, 1009466]
[49644]
[50416]
[49965]
[47586]
[49656]
[49786]
[49961]
[54688]
[50198]
[48784, 1009184, 1009187, 1009282, 1009368, 1009459, 1009466]
[49644]
[49564]
[49965]
[50416]
[47988]
[49584]
[47586]
[49647]
[49656]
[49578]
[49552]
[48238]
[49967]
[46960]
[50122]
[49581]
[50227]
[48764]
[48583]
[50082]
[49941]
[42280]
[47121]
[49968]
[49659]
[54688]
[49462]
[49644]
[49562]
[47749]
[49786]
[48784, 1009184, 1009187, 1009282, 1009368, 1009459, 1009466]
[47988]
[49961]
[49584]
[47749]
[49786]
[48764]
[49961]
[50198]
[49564]
[54688]
[49965]
[48784, 1009184, 1009187, 1009282, 1009368, 1009459, 1009466]
[49644]
[50416]
[47586]
[49656]
[47988]
[48238]
[49584]
[49967]
[46960]
[49647]
[49578]
[50122]
[48666]
[49586]
[47288]
[50059]
[48096]
[48875]
[49566]
[49610]
[49363]
[50620]
[48563, 1009165, 1009157, 1009608, 1009718]
[49568]
[49219]
[46143]
[49282, 1011291, 1009399, 1009726]
[46559]
[49607]
[49342]
[48496]
[49219]
[49568]
[46143]
[49282, 1011291, 1009399, 1009726]
[46559]
[49607]
[49342]
[49609]
[48496]
[48862]
[48075]
[49565]
[49194]
[50176]
[50187]
[48249]
[49567]
[42752]
[49894]
[47287]
[48447]
[48653]
[48320]
[46830]
[43487]
[48354]
[49575]
[47987]
[48251]
[49549]
[49998]
[49652]
[54433]
[50080]
[49577]
[49995]
[50121]
[49884]
[49551]
[50051]
[47737]
[48014]
[48186]
[48570]
[49571]
[50081]
[49824]
[46933, 1009165]
[48040]
[49548]
[50002]
[47455]
[48829]
[46870, 1010808]
[48320]
[47963]
[46830]
[50004]
[49550]
[50115]
[47455]
[48829]
[48570]
[48320]
[46830]
[46933, 1009165]
[48653]
[49548]
[48354]
[50002]
[48251]
[49575]
[46870, 1010808]
[47963]
[50004]
[49550]
[50115]
[47286]
[49653]
[50175]
[50077]
[48261]
[49604]
[46925]
[48021, 1009175]
[49848]
[54143]
[50079]
[49606]
[43486]
[49281, 1011291, 1009399, 1009726]
[46276]
[49653]
[50175]
[48559]
[48861]
[48674]
[49601]
[48033, 1009610, 1009663]
[49655]
[49958]
[33071]
[47767]
[46952]
[49654]
[48109]
[43308]
[49602]
[49416]
[48874]
[48816, 1009144, 1011220, 1009552]
[47376]
[54116]
[50077]
[48261]
[49604]
[46925]
[48021, 1009175]
[49848]
[54143]
[49416]
[49604]
[48874]
[54116]
[48816, 1009144, 1011220, 1009552]
[47285]
[47153]
[48804]
[49547]
[49560]
[47092]
[50195]
[48342]
[49372]
[47745]
[50197]
[47986]
[45927]
[49374]
[48803]
[48513]
[49589]
[50726]
[47721]
[49350]
[49015]
[49544]
[49557]
[48405]
[49591]
[46732, 1009508, 1009465, 1009718]
[48569]
[48408]
[49846]
[49546]
[49559]
[50219]
[47585]
[53952]
[47030]
[50093]
[50196]
[45796]
[49373]
[47962]
[48610, 1009268]
[49556]
[46017]
[49375]
[49590]
[48763]
[48745]
[49360]
[49545]
[49558]
[49553]
[48237]
[46959]
[49592]
[47284]
[45911]
[46341]
[47800]
[42480]
[47577]
[47799]
[49871]
[54683]
[47310]
[47610]
[43527, 1009184, 1009187, 1009282, 1009368, 1009459, 1009466]
[46419]
[24777]
[43296, 1017574, 1011299]
[46869, 1010809, 1009338]
[49396]
[49662]
[49885]
[49393]
[50266]
[50275]
[49662]
[49396]
[49885]
[50266]
[49393]
[50272]
[49555]
[50273]
[50267]
[49394]
[50274]
[46931, 1009165]
[50269]
[49395]
[50270]
[50268]
[47309]
[48652]
[46758]
[54432]
[48828]
[54707]
[49332]
[49415]
[43485]
[48410]
[46037]
[46651]
[48178, 1011426]
[48626]
[48609, 1009268]
[49067]
[46250]
[54115]
[48562, 1009165, 1009189, 1009220, 1009351, 1009157, 1009608, 1009718]
[46695]
[54142]
[48815]
[46790]
[45795]
[47388, 1009610, 1009663]
[48652]
[46758]
[48828]
[49332]
[54432]
[49415]
[54707]
[48410]
[46037]
[47308]
[47307]
[45818]
[46893]
[48407]
[46731, 1009508, 1009465, 1009718]
[50418]
[36208]
[49359]
[45818]
[46893]
[48407]
[50418]
[36208]
[49359]
[47644]
[48860]
[47734]
[48673, 1009257, 1009282, 1009310, 1009327, 1009508, 1009415, 1009625, 1009726]
[48413]
[49014]
[47653]
[48568]
[49349]
[48319]
[47584]
[47452]
[49784]
[48260]
[48742]
[48909]
[47731]
[53951]
[48020]
[48762]
[49189]
[47251]
[43309]
[46845]
[49406]
[49066]
[47736]
[46016]
[47741]
[46195]
[47732]
[47091]
[46082]
[46456, 1011335, 1011220]
[46958]
[48608, 1009268]
[47806]
[48802]
[49480]
[48404]
[48495]
[47783]
[43297, 1011299]
[49453]
[49189]
[47251]
[43309]
[46845]
[48020]
[48762]
[49406]
[49066]
[47736]
[46016]
[49453]
[47306]
[49845]
[47846]
[48561, 1009165, 1009189, 1009157, 1009608]
[46232]
[47530]
[46868, 1010808]
[49413]
[49217]
[47127]
[48750]
[47636]
[42778]
[48629]
[48908]
[43310]
[47848]