[116, 2707, 2077, 1277, 5823, 2047, 2133, 5075, 87, 211, 1216, 2713, 12928, 1231, 1935, 1909, 2043, 1871, 105, 3415, 1827]
[227, 807, 3626, 5898, 1950, 1909, 2974, 4394, 4101, 5991, 1836, 71, 972, 937, 506, 1288, 1192, 232, 5268, 356, 3572]
[314, 4994, 11748, 12277, 12297, 820, 24, 10023, 11680, 8843, 12253, 11765, 5144, 10066, 10172, 312, 436, 306, 339, 2879, 208]
[303, 1107, 366, 485, 5635, 232, 648, 1372, 692, 616, 469, 273, 4981, 757, 8825, 1103, 5158, 11737, 361, 582, 10279]
[329]
[229, 1107, 368, 11765, 400, 1104, 888, 485, 643, 937, 969, 5268, 1141, 194, 4261, 9137, 5251, 529, 8331, 8522, 560]
[293, 8571, 8504, 10454, 1936, 1107, 11765, 400, 1104, 4201, 5030, 362, 5039, 5029, 174, 1068, 5742, 5634, 436, 5251, 8635]
[231, 211, 180, 11419, 1887, 2028, 1894, 5764, 2697, 259, 1282, 3036, 1247, 8125, 435, 3035, 3034, 2784, 1832]
[233, 11401, 1279, 211, 1216, 6675, 1836, 2077, 5823, 3074, 1898, 2047, 87, 1827, 270, 8018, 3456, 3459, 954, 1909, 1887]
[234, 498, 544, 492, 476, 763, 438, 314, 374, 10432, 24, 44, 55, 506, 5106, 248, 460, 8504, 430, 618, 8635]
[322]
[310, 8571, 520, 11494, 2133, 11463, 24, 1004, 694, 1141, 357, 8522, 232, 9799, 11875, 1192, 6170, 367, 11798, 16, 5251]
[320, 1004, 9799, 412, 11748, 12448, 12340, 9224, 277, 4994, 11575, 9018, 694, 357, 1052, 7639, 12459, 10023, 808, 121, 2133]
[235, 4796, 4201, 2041, 2386, 4769, 1898, 3864, 2047, 8953, 1871, 5365, 1933, 1936, 2310, 1929, 1301, 372, 444, 658, 2673]
[296, 4992, 128, 665, 10673, 236, 9394, 483, 339, 6520, 44, 6986, 9967, 11347, 1433, 10288, 11579, 56, 262, 447, 649]
[238, 807, 5251, 4627, 24, 367, 887, 4014, 598, 520, 11543, 1045, 970, 1141, 1133, 174, 5268, 666, 808, 357, 10053]
[330]
[239, 3063, 2328, 2494, 1887, 5365, 2330, 1935, 5953, 2331, 1337, 2334, 357, 1107, 375, 1316, 5268, 2490, 2291, 312, 12905]
[318, 807, 8571, 1004, 9046, 4994, 8764, 750, 779, 11463, 8658, 249, 5039, 9018, 9344, 232, 9378, 1072, 4014, 8000, 7639]
[240, 249, 1827, 1279, 2376, 44, 121, 375, 3626, 3102, 1892, 2386, 379, 3456, 7231, 2697, 3104, 3457, 9565, 2099, 2375]
[332]
[245, 762, 570, 8635, 361, 8429, 350, 410, 483, 425, 3635, 214, 8178, 782, 88, 6001, 4596, 479, 500, 680]
[246, 1186, 1836, 1172, 249, 211, 1298, 180, 4239, 2047, 9565, 7804, 87, 1827, 8018, 6082, 3456, 32, 105, 44, 104]
[297, 807, 4992, 5251, 8687, 8571, 312, 12239, 2306, 11457, 10288, 9394, 649, 1275, 969, 120, 5149, 440, 570, 18, 536]
[248, 249, 1277, 1279, 1298, 105, 180, 5909, 1301, 1836, 1172, 1326, 2133, 5075, 44, 121, 9565, 1297, 104, 259, 5764]
[249, 1836, 440, 1326, 435, 3626, 452, 1894, 1909, 379, 3572, 2099, 375, 6986, 42, 6001, 2879, 175, 1248, 56, 1222]
[302, 1107, 24, 367, 10023, 4014, 8000, 8204, 11647, 2133, 1040, 648, 232, 4574, 10087, 9371, 128, 1216, 520, 4992, 11543]
[287, 10669, 357, 16, 10115, 452, 878, 440, 362, 454, 10124, 11579, 479, 360, 1117]
[251, 498, 424, 359, 889, 191, 530, 16, 11421, 5106, 232, 6170, 352, 24, 367, 44, 121, 9201, 5251, 8504, 618]
[252, 2258, 1836, 44, 954, 104, 1935, 2043, 1767, 1277, 16, 5764, 1279, 1298, 1612, 105, 9145, 9565, 3886, 1519, 1326]
[315, 11575, 11886, 11595, 4989, 1045, 11748, 357, 312, 12298, 481, 24, 10023, 10320, 12174, 11743, 10066, 694, 12125, 10172, 430]
[253, 2112, 1172, 2047, 2133, 5075, 3572, 9565, 3703, 1935, 2376, 3456, 3626, 1871, 1887, 4769, 2319, 440, 2717, 3931, 121]
[29, 2632, 1935, 2112, 270, 4201, 1836, 3701, 5823, 3074, 2386, 4769, 2047, 8953, 1937, 3626, 1871, 1887, 1185, 379, 2089]
[317, 11575, 9018, 12297, 506, 648, 11798, 6170, 9224, 24, 10320, 676, 12174, 1132, 8901, 11743, 520, 5251, 10172, 452, 4150]
[334]
[255, 807, 5251, 1107, 24, 5179, 367, 849, 4014, 2133, 520, 529, 8504, 648, 185, 1421, 600, 1122, 174, 357, 1133]
[328, 11841, 12441, 10785, 741]
[32, 87, 1926, 2713, 3459, 121, 2093, 6901, 2077, 3555, 1279, 3415, 3105, 571, 1909, 1224, 5815, 9565, 2099, 375, 1892]
[258, 8193, 9565, 1833, 946, 6986, 2069, 1832, 8125, 3447, 1894, 1819]
[311, 1004, 95, 11309, 312, 11735, 9018, 87, 16, 10159, 7375, 8349, 1222, 191, 10023, 10320, 676, 8901, 11743, 11530, 11306]
[331]
[151, 1950, 2495, 465, 87, 406, 105, 174, 2099, 362, 3395, 375, 9565, 6986, 6049, 635, 463, 1928, 452, 2078, 3555]
[37, 807, 3672, 6694, 1937, 3603, 498, 4201, 3807, 362, 191, 87, 1148, 2133, 5075, 375, 1909, 409, 1231, 44, 3611]
[299, 1072, 904, 367, 887, 366, 1067, 121, 906, 232, 5106, 5251, 452, 1050, 429, 359, 548, 8504, 430, 428, 248]
[298, 4014, 10022, 191, 5251, 361, 1052, 600, 8671, 1374, 1082, 1246, 452, 10060, 7553, 801, 5625, 803]
[333]
[263, 249, 2047, 375, 1162, 1282, 300, 1326, 570, 1315, 262, 1277, 1279, 105, 16, 2697, 1252, 44, 215, 1778, 10113]
[154, 807, 11403, 2687, 2330, 4627, 5729, 1192, 1950, 4390, 1909, 1167, 87, 4039, 506, 2133, 5075, 3572, 954, 121, 9565]
[319, 11463, 24, 11680, 12174, 1132, 8901, 11743, 11575, 9799, 648, 357, 12425, 312, 8933, 232, 694, 11309, 8522, 87, 2133]
[266, 4014, 520, 1405, 479, 121, 521, 30, 4, 312, 490, 206, 452, 361, 438, 1969, 513]
[212, 1126, 308, 540, 6806, 121, 536, 420, 538, 11553, 8635, 426, 500, 495, 532]
[304]
[295, 1107, 485, 10147, 9018, 312, 5003, 11562, 10454, 8615, 4991, 5251, 10172, 8003, 449, 5033, 114, 10188, 814, 548, 447]
[335]
[336]
[269, 3095, 1107, 9378, 1072, 807, 4156, 4117, 8571, 4139, 8824, 11463, 10059, 4627, 1004, 9653, 498, 4014, 5039, 1358, 87]
[270, 2931, 2914, 2926, 1836, 1074, 2077, 2038, 1251, 5823, 2929, 1277, 2632, 1935, 249, 87, 1865, 2047, 2043, 1394, 105]
[323, 11479, 329, 12297, 11401, 11463, 12770, 24, 12441, 12397, 12430, 8643, 12699, 10023, 12396, 11575, 87, 12432, 11875, 11841, 2133]
[271, 1865, 3632, 1887, 2047, 1394, 1317, 1836, 2939, 2540, 2471, 3652, 7119, 6850, 1216, 1612, 105, 1827, 44, 121, 9565]
[59, 5039, 9018, 162, 11748, 174, 600, 1400, 9296, 11196, 10405, 10288, 11543, 10106, 507, 11421, 362, 1041, 8687, 452, 10785]
[309, 8571, 11494, 8738, 8504, 11463, 24, 367, 10023, 1004, 87, 969, 1141, 249, 8000, 2133, 5030, 10091, 5251, 10172, 174]
[273, 807, 5251, 1004, 4994, 520, 562, 8504, 430, 9378, 128, 1067, 9018, 7546, 6170, 10443, 232, 24, 9368, 10091, 1141]
[219, 3811, 2379, 3767, 2263, 6868, 4181, 1950, 3667, 5075, 9565, 1937, 3671, 1293, 3626, 2505, 2291, 3761, 3751, 2261, 3766]
[305, 1107, 4201, 11491, 1133, 429, 4014, 8000, 11647, 10268, 4992, 1298, 1141, 273, 11543, 8504, 430, 4426, 5251, 1052, 11309]
[321, 12423, 694, 1141, 12375, 4150, 5764, 2879, 12422, 12472, 6170, 798, 11937, 954, 12452, 121, 9565, 11765, 371, 11901, 5144]
[327, 11463, 8901, 119, 10174, 191, 694, 277, 436, 648, 162, 312, 192, 10144, 11757, 8822]
[294, 1107, 485, 5634, 312, 8003, 9123, 8138, 452, 8706, 123]
[276, 8571, 520, 5634, 8504, 1107, 759, 1004, 9018, 665, 9670, 1400, 1054, 5039, 8000, 9043, 5149, 589, 5251, 5037, 452]
[277, 249, 357, 8522, 248, 598, 11543, 868, 1045, 8193, 5113, 1133, 11421, 5036, 2133, 5251, 5037, 452, 121, 1132, 420]
[60, 322, 10402, 1836, 8317, 105, 8653, 1192, 312, 8606, 5738, 241, 481, 11863, 8901, 429, 440, 430, 10025, 774, 452]
[316, 11463, 24, 12208, 649, 8061, 232, 1141, 185, 192, 8349, 182, 5251, 452, 872, 915, 802, 447, 427, 518, 4300]
[308, 11463, 1107, 8658, 366, 121, 11765, 8901, 232, 9799, 5015, 11875, 4150, 273, 694, 10078, 9937, 8504, 428, 5251, 11486]
[306, 11463, 8901, 55, 1004, 185, 585, 16, 11421, 9394, 2879, 757, 4014, 11737, 4300, 1141, 440, 616, 8678, 426, 593]
[279, 5251, 366, 121, 1132, 801, 1052, 10405, 7722, 10288, 277, 248, 436, 425, 778, 1374, 9224, 1369, 592, 616, 4300]
[280, 1279, 162, 1909, 1872, 1961, 2086, 3632, 3102, 791, 1759, 44, 184, 9565, 2099, 375, 96, 571, 435, 939, 568]
