[18454]
[13379]
[13380]
[489, 1009257, 1009281, 1009417, 1009463, 1009547, 1009471, 1011054, 1009661, 1010697, 1009726]
[19244, 1017574]
[20293]
[19501]
[7520]
[7521]
[9107]
[9108]
[9987]
[20018, 1014873]
[725, 1009281, 1009299, 1009356, 1009366, 1009459, 1009511, 1009662]
[1251, 1009299]
[1253, 1009299, 1009356, 1009366, 1009459, 1009511, 1009662]
[1423, 1009281, 1009299]
[15276, 1009268, 1009351, 1009515, 1009718]
[12429, 1009268, 1009351, 1009512, 1009515, 1009718]
[12989]
[7082]
[22102, 1010801, 1009359, 1010744, 1009610, 1009699, 1010740]
[21110, 1009610]
[21114, 1009471]
[21108]
[21113]
[21112]
[21109]
[21111]
[21117, 1009515]
[21116, 1010808]
[21115, 1010744]
[21404, 1010808, 1009515]
[16450, 1009148, 1009175, 1009187, 1009189, 1009211, 1009214, 1009220, 1010338, 1009268, 1009282, 1009277, 1009279, 1009301, 1009313, 1009338, 1009351, 1009362, 1009367, 1009368, 1009508]
[17271]
[17272]
[18436]
[17233]
[19245]
[20606, 1010338, 1009267, 1010701, 1009438, 1010746, 1009583]
[20359]
[20360]
[20361]
[20676]
[21781]
[21804]
[20294]
[20561]
[20562]
[3620, 1010801, 1009220]
[458, 1009351, 1009610]
[9997]
[9996]
[9994, 1009262, 1009281, 1009282, 1009299, 1009448, 1010770, 1009512, 1009669, 1010369, 1009685, 1009718]
[9995, 1009262, 1009281, 1009282, 1009299, 1009448, 1010770, 1009512, 1009669, 1010369, 1009685, 1009718]
[7524, 1010784, 1009189, 1011339, 1010338, 1009299, 1011490, 1009356, 1009366, 1009368, 1009459, 1009466, 1009552, 1009571, 1009583, 1009707, 1009719]
[6079, 1010784, 1009189, 1011339, 1010338, 1009299, 1011490, 1009356, 1009366, 1009368, 1009459, 1009466, 1009552, 1009571, 1009583, 1009707, 1009719]
[2113, 1009420]
[19095, 1009257]
[19246]
[15331, 1009165, 1009220, 1010964, 1010969, 1009724, 1009726]
[15318]
[15317]
[3614, 1009159, 1009163, 1009182, 1009243, 1009257, 1009337, 1009447, 1009476, 1009504, 1009524, 1009629, 1009725, 1009726]
[20295]
[9790, 1011339, 1009220, 1009223, 1010823, 1011432, 1009316, 1010702, 1009368, 1011335, 1009228, 1009610, 1010860, 1009648, 1009664]
[10235, 1009187, 1011339, 1009220, 1009223, 1010823, 1009316, 1010702, 1009372, 1011335, 1009228, 1009610, 1010860, 1009648]
[17319]
[17318, 1009165, 1009189, 1009338, 1009215, 1009452, 1009583, 1009610, 1009685, 1009697]
[17929]
[14350]
[13543]
[20296]
[19247]
[17719]
[13603, 1009726]
[13896, 1009165, 1009220, 1009243, 1009257, 1009318, 1009351, 1009366, 1009368, 1010944, 1009546]
[20544]
[20563]
[20564]
[459, 1011031, 1009158, 1009245, 1009268, 1009515, 1009537, 1009648]
[1980, 1011198, 1010722, 1011105, 1009427, 1009468, 1011106]
[6807, 1011198, 1010338, 1010731, 1010722, 1011105, 1009427, 1009468, 1009325, 1011106, 1010740, 1009718]
[1097, 1011198, 1010722, 1011105, 1009427, 1009468, 1011106]
[6611]
[9822]
[6484]
[9369]
[7527]
[7526]
[9197]
[9373]
[20607, 1009288, 1009552]
[20565]
[20566]
[9823]
[13383, 1009165, 1010782, 1010325, 1010338, 1009262, 1009274, 1009276, 1009299, 1009356, 1009372, 1009378, 1009215, 1009379, 1009545, 1009610]
[18885]
[7502]
[9198]
[172]
[155]
[195]
[320]
[7533]
[7534, 1009535, 1010791]
[19163]
[20012]
[20538]
[19249]
[19250]
[19253]
[19344]
[19134]
[18794, 1009279]
[18795]
[18653]
[18657]
[18635]
[18668]
[18665]
[18642]
[18621]
[18628]
[18649]
[18653]
[18657]
[18749]
[18750]
[23058, 1011299]
[23116, 1011299]
[20468]
[19255, 1009338]
[20681, 1009365]
[20627]
[20628]
[18315]
[18320]
[18321]
[19258]
[4897, 1009368]
[18729]
[18852]
[19259]
[1023]
[3884]
[4600]
[1147]
[2841]
[7231, 1011001, 1011367, 1009351, 1009571, 1009583, 1011392, 1011304]
[18524]
[18506]
[18507]
[20682, 1009153, 1009220, 1009313, 1011299, 1009471, 1009679, 1009722]
[21853, 1009722]
[20643]
[20644]
[22105, 1009722, 1009726]
[18136]
[18120]
[18454]
[13379]
[13380]
[489, 1009257, 1009281, 1009417, 1009463, 1009547, 1009471, 1011054, 1009661, 1010697, 1009726]
[19244, 1017574]
[20293]
[19501]
[7520]
[7521]
[9107]
[9108]
[9987]
[20018, 1014873]
[725, 1009281, 1009299, 1009356, 1009366, 1009459, 1009511, 1009662]
[1251, 1009299]
[1253, 1009299, 1009356, 1009366, 1009459, 1009511, 1009662]
[1423, 1009281, 1009299]
[15276, 1009268, 1009351, 1009515, 1009718]
[12429, 1009268, 1009351, 1009512, 1009515, 1009718]
[12989]
[7082]
[22102, 1010801, 1009359, 1010744, 1009610, 1009699, 1010740]
[21110, 1009610]
[21114, 1009471]
[21108]
[21113]
[21112]
[21109]
[21111]
[21117, 1009515]
[21116, 1010808]
[21115, 1010744]
[21404, 1010808, 1009515]
[16450, 1009148, 1009175, 1009187, 1009189, 1009211, 1009214, 1009220, 1010338, 1009268, 1009282, 1009277, 1009279, 1009301, 1009313, 1009338, 1009351, 1009362, 1009367, 1009368, 1009508]
[17271]
[17272]
[18436]
[17233]
[19245]
[20606, 1010338, 1009267, 1010701, 1009438, 1010746, 1009583]
[20359]
[20360]
[20361]
[20676]
[21781]
[21804]
[20294]
[20561]
[20562]
[3620, 1010801, 1009220]
[458, 1009351, 1009610]
[9997]
[9996]
[9994, 1009262, 1009281, 1009282, 1009299, 1009448, 1010770, 1009512, 1009669, 1010369, 1009685, 1009718]
[9995, 1009262, 1009281, 1009282, 1009299, 1009448, 1010770, 1009512, 1009669, 1010369, 1009685, 1009718]
[7524, 1010784, 1009189, 1011339, 1010338, 1009299, 1011490, 1009356, 1009366, 1009368, 1009459, 1009466, 1009552, 1009571, 1009583, 1009707, 1009719]
[6079, 1010784, 1009189, 1011339, 1010338, 1009299, 1011490, 1009356, 1009366, 1009368, 1009459, 1009466, 1009552, 1009571, 1009583, 1009707, 1009719]
[2113, 1009420]
[19095, 1009257]
[19246]
[15331, 1009165, 1009220, 1010964, 1010969, 1009724, 1009726]
[15318]
[15317]
[3614, 1009159, 1009163, 1009182, 1009243, 1009257, 1009337, 1009447, 1009476, 1009504, 1009524, 1009629, 1009725, 1009726]
[20295]
[9790, 1011339, 1009220, 1009223, 1010823, 1011432, 1009316, 1010702, 1009368, 1011335, 1009228, 1009610, 1010860, 1009648, 1009664]
[10235, 1009187, 1011339, 1009220, 1009223, 1010823, 1009316, 1010702, 1009372, 1011335, 1009228, 1009610, 1010860, 1009648]
[17319]
[17318, 1009165, 1009189, 1009338, 1009215, 1009452, 1009583, 1009610, 1009685, 1009697]
[17929]
[14350]
[13543]
[20296]
[19247]
[17719]
[13603, 1009726]
[13896, 1009165, 1009220, 1009243, 1009257, 1009318, 1009351, 1009366, 1009368, 1010944, 1009546]
[20544]
[20563]
[20564]
[459, 1011031, 1009158, 1009245, 1009268, 1009515, 1009537, 1009648]
[1980, 1011198, 1010722, 1011105, 1009427, 1009468, 1011106]
[6807, 1011198, 1010338, 1010731, 1010722, 1011105, 1009427, 1009468, 1009325, 1011106, 1010740, 1009718]
[1097, 1011198, 1010722, 1011105, 1009427, 1009468, 1011106]
[6611]
[9822]
[6484]
[9369]
[7527]
[7526]
[9197]
[9373]
[20607, 1009288, 1009552]
[20565]
[20566]
[9823]
[13383, 1009165, 1010782, 1010325, 1010338, 1009262, 1009274, 1009276, 1009299, 1009356, 1009372, 1009378, 1009215, 1009379, 1009545, 1009610]
[18885]
[7502]
[9198]
[172]
[155]
[195]
[320]
[7533]
[7534, 1009535, 1010791]
[19163]
[20012]
[20538]
[19249]
[19250]
[19253]
[19344]
[19134]
[18794, 1009279]
[18795]
[18653]
[18657]
[18635]
[18668]
[18665]
[18642]
[18621]
[18628]
[18649]
[18653]
[18657]
[18749]
[18750]
[23058, 1011299]
[23116, 1011299]
[20468]
[19255, 1009338]
[20681, 1009365]
[20627]
[20628]
[18315]
[18320]
[18321]
[19258]
[4897, 1009368]
[18729]
[18852]
[19259]
[1023]
[3884]
[4600]
[1147]
[2841]
[7231, 1011001, 1011367, 1009351, 1009571, 1009583, 1011392, 1011304]
[18524]
[18506]
[18507]
[20682, 1009153, 1009220, 1009313, 1011299, 1009471, 1009679, 1009722]
[21853, 1009722]
[20643]
[20644]
[22105, 1009722, 1009726]
[18136]
[18120]
[18121]
[18122]
[20622, 1009365, 1009509, 1009722, 1009726]
[16449, 1009165, 1009175, 1009310, 1009359, 1009508, 1009417, 1009465, 1009554, 1011323, 1010733, 1009718, 1009726]
[19988]
[19237]
[22001, 1009726]
[18485]
[17284]
[17283]
[17280]
[17279]
[19989]
[17281]
[17282]
[20431]
[18270]
[18385]
[18532]
[18533]
[18386]
[19260]
[19261]
[17752]
[22692]
[20602]
[22106]
[20443, 1009154, 1009165, 1017575, 1009368, 1017577, 1017078, 1016181, 1017576, 1009697, 1009707]
[22190, 1009165, 1010338, 1017577, 1009583, 1016181, 1010860]
[20444]
[20445]
[21651]
[20683]
[20263]
[20685]
[20684]
[2114, 1009159, 1009220, 1009356, 1011424, 1009535, 1010791, 1010740]
[9865, 1009220, 1009356, 1009407, 1010791, 1010740]
[17650, 1009610, 1009664]
[719, 1010370, 1011039, 1011085, 1011086, 1010962, 1009560]
[2116, 1010370, 1009159, 1009163, 1009165, 1009168, 1009175, 1009186, 1009206, 1009212, 1009220, 1010338, 1009243, 1009255, 1009257, 1009262, 1009267, 1009281, 1009282, 1009306, 1009309]
[14618]
[719, 1010370, 1011039, 1011085, 1011086, 1010962, 1009560]
[13907, 1010370, 1009163, 1009476, 1009513, 1009560, 1009576, 1009606, 1009648, 1009695, 1009718]
[15446]
[15257]
[22375]
[1983, 1010370, 1009163, 1009220, 1009257, 1009262, 1009330, 1009366, 1009459, 1009472, 1009476, 1009513, 1009560, 1009576, 1009606, 1009610, 1009662, 1009664, 1009695, 1009718]
[10000]
[15290]
[1234, 1010370]
[1335, 1010370, 1011039, 1011085, 1011086, 1010962, 1009560]
[17651]
[20787]
[3616]
[6666, 1009175, 1009189, 1009299, 1011490, 1009365, 1009382, 1011116, 1009434, 1009687, 1009726]
[3617]
[769, 1010790, 1009157, 1009610]
[2987, 1009610]
[15280, 1009610]
[2707, 1009610]
[1126, 1010687, 1009347, 1009389, 1010724, 1009609, 1009610]
[2234, 1010687, 1009287, 1009347, 1009389, 1010724, 1009609, 1009610, 1009692]
[3101, 1009609, 1009610]
[4910]
[6440]
[7538]
[20432, 1009276, 1009619, 1009368, 1011288, 1009708, 1011220, 1009325, 1011426, 1009590, 1009610, 1016181]
[17285, 1009610]
[1987, 1009165, 1009179, 1011346, 1010782, 1009181, 1009185, 1010687, 1009189, 1010881, 1010371, 1009220, 1009225, 1011027, 1011052, 1009227, 1009234, 1009241, 1009243, 1009244, 1009262]
[454, 1009154, 1010773, 1017438, 1010784, 1009165, 1009329, 1009489, 1011346, 1010782, 1010325, 1009185, 1009187, 1009189, 1009195, 1009199, 1011264, 1009212, 1009213, 1009220, 1010338]
[13743]
[21652]
[21127]
[1229]
[277]
[276]
[13205, 1009489, 1009268, 1009351, 1009490, 1009610]
[18900]
[21690, 1009610]
[21690, 1009610]
[2984, 1010801, 1009165, 1010782, 1010325, 1009187, 1009220, 1011095, 1009234, 1010774, 1009262, 1009276, 1009282, 1009287, 1009297, 1009299, 1009320, 1009619, 1009486, 1011300, 1009351]
[5958, 1011259, 1009610]
[15540, 1009489, 1009220, 1009368, 1009215, 1009610, 1009608]
[15561]
[7544]
[7545]
[7546]
[7547]
[18617]
[9071]
[18084]
[18316]
[18146]
[20691]
[23168, 1009391, 1009708, 1009610]
[20692]
[19263]
[22376, 1009276, 1009619, 1009391, 1009610]
[5376, 1009165, 1011258, 1009276, 1010787, 1009619, 1009334, 1009486, 1009372, 1011259, 1009403, 1009404, 1009708, 1009490, 1009537, 1011242, 1009585, 1009609, 1011347, 1009610, 1009675]
