[18454]
[13379]
[13380]
[489]
[19244]
[20293]
[19501]
[7520]
[7521]
[9107]
[9108]
[9987]
[20018]
[725]
[1251]
[1253]
[1423]
[15276]
[12429]
[12989]
[7082]
[22102]
[21110]
[21114]
[21108]
[21113]
[21112]
[21109]
[21111]
[21117]
[21116]
[21115]
[21404]
[16450]
[17271]
[17272]
[18436]
[17233]
[19245, 323]
[20606]
[20359]
[20360]
[20361]
[20676]
[21781]
[21804]
[20294]
[20561]
[20562]
[3620]
[458]
[9997]
[9996]
[9994]
[9995]
[7524]
[6079]
[2113]
[19095]
[19246]
[15331]
[15318]
[15317]
[3614, 227]
[20295]
[9790]
[10235]
[17319]
[17318, 314]
[17929]
[14350]
[13543]
[20296]
[19247, 323]
[17719]
[13603, 303]
[13896, 303]
[20544]
[20563]
[20564]
[459]
[1980]
[6807, 318]
[1097]
[6611]
[9822]
[6484]
[9369]
[7527]
[7526]
[9197]
[9373]
[20607]
[20565]
[20566]
[9823]
[13383]
[18885]
[7502]
[9198]
[172]
[155]
[195]
[320]
[7533]
[7534]
[19163]
[20012]
[20538]
[19249]
[19250]
[19253]
[19344]
[19134]
[18794, 311]
[18795]
[18653]
[18657]
[18635]
[18668]
[18665]
[18642]
[18621]
[18628]
[18649]
[18653]
[18657]
[18749]
[18750]
[23058]
[23116, 336]
[20468]
[19255]
[20681]
[20627]
[20628]
[18315, 319]
[18320]
[18321]
[19258]
[4897]
[18729]
[18852]
[19259]
[1023]
[3884]
[4600]
[1147]
[2841]
[7231, 318]
[18524]
[18506]
[18507]
[20682]
[21853]
[20643]
[20644]
[22105]
[18136, 320]
[18120]
[18454]
[13379]
[13380]
[489]
[19244]
[20293]
[19501]
[7520]
[7521]
[9107]
[9108]
[9987]
[20018]
[725]
[1251]
[1253]
[1423]
[15276]
[12429]
[12989]
[7082]
[22102]
[21110]
[21114]
[21108]
[21113]
[21112]
[21109]
[21111]
[21117]
[21116]
[21115]
[21404]
[16450]
[17271]
[17272]
[18436]
[17233]
[19245, 323]
[20606]
[20359]
[20360]
[20361]
[20676]
[21781]
[21804]
[20294]
[20561]
[20562]
[3620]
[458]
[9997]
[9996]
[9994]
[9995]
[7524]
[6079]
[2113]
[19095]
[19246]
[15331]
[15318]
[15317]
[3614, 227]
[20295]
[9790]
[10235]
[17319]
[17318, 314]
[17929]
[14350]
[13543]
[20296]
[19247, 323]
[17719]
[13603, 303]
[13896, 303]
[20544]
[20563]
[20564]
[459]
[1980]
[6807, 318]
[1097]
[6611]
[9822]
[6484]
[9369]
[7527]
[7526]
[9197]
[9373]
[20607]
[20565]
[20566]
[9823]
[13383]
[18885]
[7502]
[9198]
[172]
[155]
[195]
[320]
[7533]
[7534]
[19163]
[20012]
[20538]
[19249]
[19250]
[19253]
[19344]
[19134]
[18794, 311]
[18795]
[18653]
[18657]
[18635]
[18668]
[18665]
[18642]
[18621]
[18628]
[18649]
[18653]
[18657]
[18749]
[18750]
[23058]
[23116, 336]
[20468]
[19255]
[20681]
[20627]
[20628]
[18315, 319]
[18320]
[18321]
[19258]
[4897]
[18729]
[18852]
[19259]
[1023]
[3884]
[4600]
[1147]
[2841]
[7231, 318]
[18524]
[18506]
[18507]
[20682]
[21853]
[20643]
[20644]
[22105]
[18136, 320]
[18120]
[18121]
[18122]
[20622, 334]
[16449, 316]
[19988]
[19237]
[22001]
[18485]
[17284]
[17283]
[17280]
[17279]
[19989]
[17281]
[17282]
[20431]
[18270]
[18385]
[18532]
[18533]
[18386]
[19260]
[19261]
[17752]
[22692]
[20602]
[22106]
[20443]
[22190]
[20444]
[20445]
[21651]
[20683]
[20263]
[20685]
[20684]
[2114]
[9865]
[17650]
[719]
[2116, 116, 29, 271]
[14618]
[719]
[13907, 302]
[15446]
[15257]
[22375]
[1983]
[10000]
[15290]
[1234]
[1335]
[17651]
[20787]
[3616]
[6666]
[3617]
[769]
[2987]
[15280]
[2707]
[1126]
[2234]
[3101]
[4910]
[6440]
[7538]
[20432, 332, 336]
[17285, 311, 319, 321]
[1987, 116, 252, 258, 151, 154, 270, 271]
[454, 238, 318, 266, 305]
[13743]
[21652]
[21127]
[1229]
[277]
[276]
[13205]
[18900]
[21690]
[21690]
[2984, 233, 246]
[5958]
[15540]
[15561]
[7544]
[7545]
[7546]
[7547, 266]
[18617]
[9071]
[18084]
[18316]
[18146]
[20691]
[23168]
[20692]
[19263]
[22376]
[5376]
