[18454, 485, 9432, 11788, 12328, 12392]
[13379, 274, 496, 8822]
[13380]
[489, 567, 175, 566]
[19244, 12441, 8901, 10405, 798, 12756, 10785, 1063]
[20293, 12441, 8901, 10785, 4430]
[19501, 11680, 11886, 820, 25, 7190, 12708, 11921, 12483]
[7520, 10024, 8123, 9718, 7935, 8155, 10363, 8402, 7553, 243]
[7521]
[9107]
[9108]
[9987, 4430]
[20018, 3780, 376, 3796, 1281, 3648]
[725, 4627, 95, 530, 185, 312, 308, 460, 425, 9484, 6806, 779, 689, 362, 454, 8635, 361, 774, 778, 757, 775]
[1251, 4627, 774, 9484, 454]
[1253, 4627, 8635, 362, 454, 774, 582, 9484, 775]
[1423, 4627, 185, 312, 460, 425, 9484, 689, 362, 777, 8635, 361, 775, 582]
[15276, 750, 162, 645, 1421, 273, 10082, 94, 4430]
[12429, 750, 694, 1141, 162, 23, 649, 645, 1421, 273, 674, 10082, 94]
[12989, 750, 645, 162, 1421, 674, 10082, 94]
[7082, 16]
[22102, 12854, 12798, 12465, 12790, 12799, 12855, 12825, 12472, 4430]
[21110, 8822]
[21114, 12738, 12737, 12472, 8822]
[21108, 12790, 12472, 12465, 8822]
[21113, 12472, 12856, 12816, 8822]
[21112, 12854, 12472, 12855, 8822]
[21109, 12799, 12472, 12798, 8822]
[21111, 12830, 12472, 12825, 8822]
[21117, 12472, 12954, 12953, 9224, 12952, 8822]
[21116, 12830, 12490, 12472, 8822, 12838]
[21115, 12472, 12917, 12697, 8822]
[21404, 11401, 12854, 12954, 12953, 12798, 12465, 12855, 12816, 12838, 12790, 12490, 12799, 9224, 12952, 12856, 12825, 12472, 8822]
[16450, 11463, 191, 8658, 232, 9127, 12452, 4014, 11575, 506, 520, 694, 11543, 10078, 12604, 9937, 665, 1141, 1133, 808, 12467]
[17271, 11463, 8658, 232, 8901, 5144, 18, 626, 10409, 1141, 7551, 120, 241, 7375, 12288, 448, 649]
[17272, 11575, 665, 312, 241, 7375, 11757, 11501, 9127, 11799, 11765, 267, 1227, 11333, 840, 10409, 72]
[18436, 24, 808, 11680, 736, 9432, 4150, 7375, 674, 12368, 789]
[17233, 7190]
[19245, 11575, 357, 7190, 12441, 10329, 11737, 8825]
[20606, 12882, 12802, 11559, 10785, 7245, 12431, 8825, 12456, 7413, 12714, 10329]
[20359, 11463, 10320, 11799, 12371, 10329, 329, 12464, 12465, 5160, 2985, 12449, 12392, 9408]
[20360, 11463, 10320, 11799, 12465, 12371, 10329, 329, 12449, 12392, 5160, 2985, 8671, 12339]
[20361, 11463, 10320, 11799, 12371, 10329, 329, 12449, 12392, 5160, 2985, 4430]
[20676, 329, 12392, 5160, 2985, 10320, 11799, 12371, 10329, 4430]
[21781, 12810, 4430]
[21804, 4430]
[20294, 12441, 10329, 357, 8825]
[20561, 8825, 12714, 10329, 4430]
[20562, 12802, 7413, 12714, 4430]
[3620, 1251, 105, 435, 9565, 5764, 658, 375, 399, 1832, 1066]
[458, 516, 515, 517, 518]
[9997, 16, 440, 1117]
[9996, 1072, 887]
[9994, 1836, 5178, 44, 954, 121, 74, 1178, 3414, 392, 215, 1863, 1216, 1827, 3415, 3822, 2697, 6868, 96, 658, 571]
[9995, 1836, 5178, 44, 954, 121, 74, 1178, 3414, 392, 215, 1216, 1827, 3415, 3822, 2697, 6868, 96, 571, 658, 16]
[7524, 191, 4541, 9360, 8194, 1054, 1143, 4990, 878, 1065, 10433, 2986, 1142]
[6079, 191, 4541, 9360, 1054, 8194, 4990, 878, 1065, 10433, 2986, 1142, 1143]
[2113, 314, 125, 6257, 148, 1290, 1216, 808, 1519, 957, 1291, 1306, 146, 954, 144]
[19095, 292, 3637]
[19246, 10445, 12369, 243, 72, 12399, 7190, 6001]
[15331, 11575, 937, 11421, 11268, 1141, 425, 9137, 11525, 72, 452, 1227, 593, 4300, 11555]
[15318, 937, 11421, 11268, 448, 1227, 11835, 72]
[15317, 11575, 937, 11421, 1227]
[3614, 1836, 362, 438, 5757, 1914, 844, 2030, 1192, 11757, 1163, 19, 4523, 1249, 3572, 2520, 5756]
[20295, 10445, 6001, 12369]
[9790, 11562, 10454, 10859, 8706, 10783, 159, 1132, 4990, 10495, 10200, 9778, 56, 8142, 5131, 8728, 1129, 708, 7219, 447, 878]
[10235, 9799, 9778, 8197, 8142, 5131, 8728, 11562, 694, 8738, 10859, 159, 1092, 1132, 4990, 10495, 10200, 9429, 452, 878, 447]
[17319, 4430]
[17318, 12297, 24, 119, 2133, 694, 312, 7190, 758, 452, 436, 8825, 9408, 339, 101, 532, 3635, 479, 262]
[17929, 12297, 2697, 306, 2879, 208, 7891, 11904, 10023, 11680, 12174, 1132, 11765, 5144, 10066, 11835, 119, 10288]
[14350, 12297, 2697, 339, 306, 208, 101, 532, 7891, 3635, 11904, 24, 10023, 11680, 12174, 1132, 11765, 5144, 10066, 11835, 119]
[13543, 24, 2697, 339, 25, 11610, 101, 532, 3635]
[20296, 24, 1340, 339, 4999, 101]
[19247, 12395, 820, 25, 101, 7190, 4600, 4999, 1340]
[17719, 272, 8924]
[13603, 232, 366, 11737]
[13896, 648, 11737, 1103, 5635]
[20544, 12481, 5144, 11354]
[20563, 10405, 5144, 9233, 12470, 12481]
[20564, 12763, 2338, 12470]
[459, 424, 4926, 4009, 4174, 361, 8429, 519, 575]
[1980, 1421, 647, 820, 878, 8429, 1119, 824]
[6807, 8571, 8204, 11494, 8504, 4306, 8331, 249, 232, 436, 649, 6806, 1369, 8520, 295, 192, 10432, 425, 1914, 791, 824]
[1097, 1421, 647, 820, 878, 8429, 1119, 824]
[6611]
[9822]
[6484]
[9369, 8520, 6806, 72, 8221, 824]
[7527, 249, 8520, 295, 7708, 6806, 824]
[7526, 5249]
[9197, 8520, 758, 6806, 1914, 824, 9234, 5249]
[9373, 8520, 6806, 1914, 9234, 758, 824]
[20607, 12492, 12435, 644, 12456, 805]
[20565, 644, 12435, 4430]
[20566, 644, 805, 4430]
[9823]
[13383, 4728, 6298, 11369, 643, 3635, 6694, 11383, 4409, 361, 350, 11385, 11372, 11373, 87, 4299, 26, 24, 177, 507, 23]
[18885, 24, 177, 23]
[7502]
[9198, 24, 177, 23]
[172, 24, 177, 23]
[155, 24, 177, 23]
[195, 24, 177, 23]
[320, 24, 177, 23]
[7533, 644, 1342, 2985, 507, 1117, 7843, 878, 4600, 894]
[7534, 1004, 4508, 8678, 438, 7843, 894]
[19163, 192, 1275, 12477, 11354, 11835]
[20012, 12472, 12438, 12693]
[20538, 12472, 12438, 12693]
[19249, 192, 11835, 4430]
[19250, 4430]
[19253, 648, 11901, 12480]
[19344, 648, 6986, 11901, 181, 12480, 1255, 3447]
[19134, 11901, 11835, 12480]
[18794, 11735, 8347, 7375, 12396, 95, 436, 94]
[18795, 12396, 7375, 94]
[18653]
[18657]
[18635]
[18668]
[18665]
[18642]
[18621, 11309, 5105, 11930, 7926, 11501, 7190, 607, 12411]
[18628]
[18649]
[18653]
[18657]
[18749, 11930, 12411]
[18750, 607, 12411]
[23058, 11680, 1063, 8221, 12979, 11561, 8822]
[23116, 12790, 12744, 12738, 5022]
[20468, 11841, 7718, 201, 11531, 10759]
[19255, 11841, 365, 11886, 12695, 12339, 7190, 10759, 11531]
[20681, 314, 12472, 357, 10405, 607, 12297, 12749, 8658, 12371, 1133, 4300]
[20627, 4430]
[20628, 12297, 1133, 8658, 12371, 4430]
[18315, 162, 194, 11436, 425, 11757, 8737, 7190, 481, 4999, 1235, 4600, 1340, 12338]
[18320, 4999, 1340, 12338]
[18321, 12406, 4999, 425, 1340]
[19258, 481, 4999, 1235, 1340]
[4897, 1072, 887, 906, 903, 888, 899, 5640, 905, 896, 5013, 2043, 538, 425]
[18729, 95, 329, 8933, 5747, 5160, 4999, 11799, 12174, 1340, 626, 11434, 10329, 9484]
[18852]
[19259, 95, 3635, 8522, 4406, 94, 64]
[1023, 1072, 904, 887, 1067, 902, 909, 906, 903, 930, 888, 30, 898, 897, 394, 899, 900, 905, 896, 533]
[3884, 1072, 904, 887, 1067, 902, 906, 903, 930, 888, 897, 394, 899, 5640, 7236, 7235, 896, 5013, 483, 1066]
[4600, 1072, 904, 887, 1067, 902, 906, 888, 897, 394, 899, 5640, 7303, 905, 896, 5013, 483]
[1147, 1072, 904, 887, 1067, 902, 9493, 903, 888, 30, 897, 394, 905, 896, 5013, 194, 540, 444, 1066]
[2841]
[7231, 9344, 11559, 11737, 9233, 9458, 434, 5249, 10149, 4992, 5149, 1371, 9179, 10036, 430, 1054, 8003, 872, 8704, 7894]
[18524, 12408, 11610, 5022, 12409, 7891, 4600]
[18506, 12408, 11610, 7891]
[18507, 12408, 12409, 7891, 5022]
[20682, 8098, 249, 8849, 658, 12486, 11482, 12929, 4991, 8606, 9031, 926, 1371, 820, 2879, 11610, 12392, 12780, 4600, 500, 12447]
[21853, 4600, 925, 9031, 12447]
[20643, 12392, 12447, 4430]
[20644, 9031, 12447, 4430]
[22105, 12392, 12447, 12483, 4430]
[18136, 11575, 11559, 8678, 11757, 7190, 121, 8003, 827, 5105, 8822]
[18120, 121, 8678, 827]
[18454, 485, 9432, 11788, 12328, 12392]
[13379, 274, 496, 8822]
[13380]
[489, 567, 175, 566]
[19244, 12441, 8901, 10405, 798, 12756, 10785, 1063]
[20293, 12441, 8901, 10785, 4430]
[19501, 11680, 11886, 820, 25, 7190, 12708, 11921, 12483]
[7520, 10024, 8123, 9718, 7935, 8155, 10363, 8402, 7553, 243]
[7521]
[9107]
[9108]
[9987, 4430]
[20018, 3780, 376, 3796, 1281, 3648]
[725, 4627, 95, 530, 185, 312, 308, 460, 425, 9484, 6806, 779, 689, 362, 454, 8635, 361, 774, 778, 757, 775]
[1251, 4627, 774, 9484, 454]
[1253, 4627, 8635, 362, 454, 774, 582, 9484, 775]
[1423, 4627, 185, 312, 460, 425, 9484, 689, 362, 777, 8635, 361, 775, 582]
[15276, 750, 162, 645, 1421, 273, 10082, 94, 4430]
[12429, 750, 694, 1141, 162, 23, 649, 645, 1421, 273, 674, 10082, 94]
[12989, 750, 645, 162, 1421, 674, 10082, 94]
[7082, 16]
[22102, 12854, 12798, 12465, 12790, 12799, 12855, 12825, 12472, 4430]
[21110, 8822]
[21114, 12738, 12737, 12472, 8822]
[21108, 12790, 12472, 12465, 8822]
[21113, 12472, 12856, 12816, 8822]
[21112, 12854, 12472, 12855, 8822]
[21109, 12799, 12472, 12798, 8822]
[21111, 12830, 12472, 12825, 8822]
[21117, 12472, 12954, 12953, 9224, 12952, 8822]
[21116, 12830, 12490, 12472, 8822, 12838]
[21115, 12472, 12917, 12697, 8822]
[21404, 11401, 12854, 12954, 12953, 12798, 12465, 12855, 12816, 12838, 12790, 12490, 12799, 9224, 12952, 12856, 12825, 12472, 8822]
[16450, 11463, 191, 8658, 232, 9127, 12452, 4014, 11575, 506, 520, 694, 11543, 10078, 12604, 9937, 665, 1141, 1133, 808, 12467]
[17271, 11463, 8658, 232, 8901, 5144, 18, 626, 10409, 1141, 7551, 120, 241, 7375, 12288, 448, 649]
[17272, 11575, 665, 312, 241, 7375, 11757, 11501, 9127, 11799, 11765, 267, 1227, 11333, 840, 10409, 72]
[18436, 24, 808, 11680, 736, 9432, 4150, 7375, 674, 12368, 789]
[17233, 7190]
[19245, 11575, 357, 7190, 12441, 10329, 11737, 8825]
[20606, 12882, 12802, 11559, 10785, 7245, 12431, 8825, 12456, 7413, 12714, 10329]
[20359, 11463, 10320, 11799, 12371, 10329, 329, 12464, 12465, 5160, 2985, 12449, 12392, 9408]
[20360, 11463, 10320, 11799, 12465, 12371, 10329, 329, 12449, 12392, 5160, 2985, 8671, 12339]
[20361, 11463, 10320, 11799, 12371, 10329, 329, 12449, 12392, 5160, 2985, 4430]
[20676, 329, 12392, 5160, 2985, 10320, 11799, 12371, 10329, 4430]
[21781, 12810, 4430]
[21804, 4430]
[20294, 12441, 10329, 357, 8825]
[20561, 8825, 12714, 10329, 4430]
[20562, 12802, 7413, 12714, 4430]
[3620, 1251, 105, 435, 9565, 5764, 658, 375, 399, 1832, 1066]
[458, 516, 515, 517, 518]
[9997, 16, 440, 1117]
[9996, 1072, 887]
[9994, 1836, 5178, 44, 954, 121, 74, 1178, 3414, 392, 215, 1863, 1216, 1827, 3415, 3822, 2697, 6868, 96, 658, 571]
[9995, 1836, 5178, 44, 954, 121, 74, 1178, 3414, 392, 215, 1216, 1827, 3415, 3822, 2697, 6868, 96, 571, 658, 16]
[7524, 191, 4541, 9360, 8194, 1054, 1143, 4990, 878, 1065, 10433, 2986, 1142]
[6079, 191, 4541, 9360, 1054, 8194, 4990, 878, 1065, 10433, 2986, 1142, 1143]
[2113, 314, 125, 6257, 148, 1290, 1216, 808, 1519, 957, 1291, 1306, 146, 954, 144]
[19095, 292, 3637]
[19246, 10445, 12369, 243, 72, 12399, 7190, 6001]
[15331, 11575, 937, 11421, 11268, 1141, 425, 9137, 11525, 72, 452, 1227, 593, 4300, 11555]
[15318, 937, 11421, 11268, 448, 1227, 11835, 72]
[15317, 11575, 937, 11421, 1227]
[3614, 1836, 362, 438, 5757, 1914, 844, 2030, 1192, 11757, 1163, 19, 4523, 1249, 3572, 2520, 5756]
[20295, 10445, 6001, 12369]
[9790, 11562, 10454, 10859, 8706, 10783, 159, 1132, 4990, 10495, 10200, 9778, 56, 8142, 5131, 8728, 1129, 708, 7219, 447, 878]
[10235, 9799, 9778, 8197, 8142, 5131, 8728, 11562, 694, 8738, 10859, 159, 1092, 1132, 4990, 10495, 10200, 9429, 452, 878, 447]
[17319, 4430]
[17318, 12297, 24, 119, 2133, 694, 312, 7190, 758, 452, 436, 8825, 9408, 339, 101, 532, 3635, 479, 262]
[17929, 12297, 2697, 306, 2879, 208, 7891, 11904, 10023, 11680, 12174, 1132, 11765, 5144, 10066, 11835, 119, 10288]
[14350, 12297, 2697, 339, 306, 208, 101, 532, 7891, 3635, 11904, 24, 10023, 11680, 12174, 1132, 11765, 5144, 10066, 11835, 119]
[13543, 24, 2697, 339, 25, 11610, 101, 532, 3635]
[20296, 24, 1340, 339, 4999, 101]
[19247, 12395, 820, 25, 101, 7190, 4600, 4999, 1340]
[17719, 272, 8924]
[13603, 232, 366, 11737]
[13896, 648, 11737, 1103, 5635]
[20544, 12481, 5144, 11354]
[20563, 10405, 5144, 9233, 12470, 12481]
[20564, 12763, 2338, 12470]
[459, 424, 4926, 4009, 4174, 361, 8429, 519, 575]
[1980, 1421, 647, 820, 878, 8429, 1119, 824]
[6807, 8571, 8204, 11494, 8504, 4306, 8331, 249, 232, 436, 649, 6806, 1369, 8520, 295, 192, 10432, 425, 1914, 791, 824]
[1097, 1421, 647, 820, 878, 8429, 1119, 824]
[6611]
[9822]
[6484]
[9369, 8520, 6806, 72, 8221, 824]
[7527, 249, 8520, 295, 7708, 6806, 824]
[7526, 5249]
[9197, 8520, 758, 6806, 1914, 824, 9234, 5249]
[9373, 8520, 6806, 1914, 9234, 758, 824]
[20607, 12492, 12435, 644, 12456, 805]
[20565, 644, 12435, 4430]
[20566, 644, 805, 4430]
[9823]
[13383, 4728, 6298, 11369, 643, 3635, 6694, 11383, 4409, 361, 350, 11385, 11372, 11373, 87, 4299, 26, 24, 177, 507, 23]
[18885, 24, 177, 23]
[7502]
[9198, 24, 177, 23]
[172, 24, 177, 23]
[155, 24, 177, 23]
[195, 24, 177, 23]
[320, 24, 177, 23]
[7533, 644, 1342, 2985, 507, 1117, 7843, 878, 4600, 894]
[7534, 1004, 4508, 8678, 438, 7843, 894]
[19163, 192, 1275, 12477, 11354, 11835]
[20012, 12472, 12438, 12693]
[20538, 12472, 12438, 12693]
[19249, 192, 11835, 4430]
[19250, 4430]
[19253, 648, 11901, 12480]
[19344, 648, 6986, 11901, 181, 12480, 1255, 3447]
[19134, 11901, 11835, 12480]
[18794, 11735, 8347, 7375, 12396, 95, 436, 94]
[18795, 12396, 7375, 94]
[18653]
[18657]
[18635]
[18668]
[18665]
[18642]
[18621, 11309, 5105, 11930, 7926, 11501, 7190, 607, 12411]
[18628]
[18649]
[18653]
[18657]
[18749, 11930, 12411]
[18750, 607, 12411]
[23058, 11680, 1063, 8221, 12979, 11561, 8822]
[23116, 12790, 12744, 12738, 5022]
[20468, 11841, 7718, 201, 11531, 10759]
[19255, 11841, 365, 11886, 12695, 12339, 7190, 10759, 11531]
[20681, 314, 12472, 357, 10405, 607, 12297, 12749, 8658, 12371, 1133, 4300]
[20627, 4430]
[20628, 12297, 1133, 8658, 12371, 4430]
[18315, 162, 194, 11436, 425, 11757, 8737, 7190, 481, 4999, 1235, 4600, 1340, 12338]
[18320, 4999, 1340, 12338]
[18321, 12406, 4999, 425, 1340]
[19258, 481, 4999, 1235, 1340]
[4897, 1072, 887, 906, 903, 888, 899, 5640, 905, 896, 5013, 2043, 538, 425]
[18729, 95, 329, 8933, 5747, 5160, 4999, 11799, 12174, 1340, 626, 11434, 10329, 9484]
[18852]
[19259, 95, 3635, 8522, 4406, 94, 64]
[1023, 1072, 904, 887, 1067, 902, 909, 906, 903, 930, 888, 30, 898, 897, 394, 899, 900, 905, 896, 533]
[3884, 1072, 904, 887, 1067, 902, 906, 903, 930, 888, 897, 394, 899, 5640, 7236, 7235, 896, 5013, 483, 1066]
[4600, 1072, 904, 887, 1067, 902, 906, 888, 897, 394, 899, 5640, 7303, 905, 896, 5013, 483]
[1147, 1072, 904, 887, 1067, 902, 9493, 903, 888, 30, 897, 394, 905, 896, 5013, 194, 540, 444, 1066]
[2841]
[7231, 9344, 11559, 11737, 9233, 9458, 434, 5249, 10149, 4992, 5149, 1371, 9179, 10036, 430, 1054, 8003, 872, 8704, 7894]
[18524, 12408, 11610, 5022, 12409, 7891, 4600]
[18506, 12408, 11610, 7891]
[18507, 12408, 12409, 7891, 5022]
[20682, 8098, 249, 8849, 658, 12486, 11482, 12929, 4991, 8606, 9031, 926, 1371, 820, 2879, 11610, 12392, 12780, 4600, 500, 12447]
[21853, 4600, 925, 9031, 12447]
[20643, 12392, 12447, 4430]
[20644, 9031, 12447, 4430]
[22105, 12392, 12447, 12483, 4430]
[18136, 11575, 11559, 8678, 11757, 7190, 121, 8003, 827, 5105, 8822]
[18120, 121, 8678, 827]
[18121, 11575, 8678, 121, 827]
[18122, 11575, 121, 8003, 827, 5105]
[20622, 87, 196, 2879, 4028, 412, 4150, 548, 11901, 12838, 11737]
[16449, 8764, 249, 12208, 11575, 11875, 10275, 357, 9443, 436, 4014, 9018, 11559, 11396, 24, 520, 12604, 872, 6170, 452, 552]
[19988, 24, 44, 11757, 30, 6001, 184, 2909, 192, 7375, 8125, 5107, 532, 5125]
[19237, 24, 12462]
[22001, 12934, 12935, 11737, 12777]
[18485, 11575, 11559]
[17284, 24, 192]
[17283, 24, 192]
[17280, 24, 192, 11610]
[17279, 24, 192, 11610]
[19989, 4430]
[17281, 24, 192, 7375]
[17282, 24, 192]
[20431, 9018, 11309, 12462, 24, 4430]
[18270, 24, 192, 532]
[18385, 24, 192, 11610, 9408]
[18532, 24, 192, 11610]
[18533, 9018, 192, 24]
[18386, 9018, 24]
[19260, 9018, 11309, 12462, 24, 4430]
[19261, 9018, 24]
[17752, 11575, 11560, 12373]
[22692, 87, 11901]
[20602, 87, 11901, 4430]
[22106, 87, 11901, 4430]
[20443, 9018, 12431, 820, 2879, 9598, 12369, 1156, 2133, 8247, 11809, 9137, 5022, 2964, 63, 11680, 12174, 1340, 119, 12838, 10329]
[22190, 2133, 10399, 10329, 63, 12494]
[20444, 9018, 2879, 119, 4430]
[20445, 9018, 2879, 119, 4430]
[21651, 9018, 2879, 12494, 12884, 10399, 12601, 119, 10329, 63, 4430]
[20683, 12471, 1133, 120, 208, 12435, 708, 954, 12174, 644, 12371, 7190, 11309]
[20263, 11610, 12810, 4430]
[20685, 12471, 1133, 120, 208, 12435, 708, 954, 12174, 644, 12371, 7190, 11610]
[20684, 12471, 1133, 120, 208, 12435, 708, 954, 12174, 644, 12371, 7190, 11610]
[2114, 1496, 1452, 1456, 1494, 1495, 1356, 1439, 1493, 1303, 1355, 1489, 1358, 1440, 1449, 1499, 408, 297, 1469, 196, 1445]
[9865, 8000, 827, 10607, 55, 1372]
[17650, 11647, 4430, 8843, 12253, 9200, 10090, 72]
[719, 295, 7190, 3637, 558, 454, 6588, 350, 4207]
[2116, 1865, 1871, 1887, 2707, 1836, 3074, 87, 1279, 3394, 105, 3415, 2823, 2077, 1298, 1185, 3404, 2133, 5075, 1827, 44]
[14618]
[719, 295, 7190, 3637, 558, 454, 6588, 350, 4207]
[13907, 11482, 1374, 3646, 554, 548, 306, 758, 6806, 536, 7894, 4600]
[15446]
[15257, 3646, 554, 306, 536, 7894]
[22375, 105, 32, 1926, 262, 431, 1219, 1827, 162, 44, 9565, 966, 161, 184, 958, 4430]
[1983, 1836, 1827, 2461, 1226, 1284, 791, 1819, 1759, 198, 2036]
[10000]
[15290, 1827, 10976, 4430]
[1234, 295, 3637, 454, 4207]
[1335, 295, 7190, 3637, 558, 454, 6588, 350, 4207]
[17651, 12253, 9200, 72]
[20787, 308, 12162, 536, 4430]
[3616, 32, 30]
[6666, 1186, 1212, 2751, 105, 2151, 314, 954, 60, 1216, 1612, 808, 270, 7762, 1261, 32, 1651, 1767, 2350, 1746, 1778]
[3617, 263, 32, 305, 196, 1306, 30, 945]
[769, 8571, 424, 578, 829, 368, 833, 438, 835, 831, 694, 356, 827, 820, 1005, 823, 8635, 821, 802, 460, 818]
[2987, 32, 196, 30]
[15280, 32, 196, 442, 30]
[2707, 263, 32, 305, 196, 1306, 30, 945]
[1126, 7204, 520, 9461, 8028, 428, 457, 8613, 4980, 1405, 479, 500, 105, 9437, 8253, 935, 5107, 1057, 9565, 5764, 8429]
[2234, 105, 9565, 5764, 457, 467, 5107, 8429]
[3101, 105, 9565, 5764, 457, 8429]
[4910, 9565, 5764]
[6440]
[7538]
[20432, 8658, 8652, 11765, 648, 11798, 1141, 12815, 12426, 9296, 192, 11559, 8522, 12451, 241, 11809, 12373, 12982, 872, 552, 4300]
[17285, 12208, 648, 162, 6170, 8522, 312, 10326, 365, 7495, 425, 11757, 894, 649, 5105, 5160, 412, 1141, 954, 11765, 4300]
[1987, 807, 2656, 11403, 2529, 1865, 1937, 10096, 2113, 2074, 2330, 2112, 1167, 87, 406, 2041, 1836, 300, 2038, 2047, 1352]
[454, 807, 11403, 6694, 2529, 498, 9046, 4061, 11491, 4014, 11841, 1040, 191, 11398, 9344, 465, 578, 3198, 24, 232, 2038]
[13743, 7413]
[21652, 483, 935, 12444, 4430]
[21127, 12716, 935, 12444, 8822]
[1229, 63]
[277]
[276]
[13205, 10172, 10106, 8933, 796, 9484, 837, 9471]
[18900, 648, 532, 736, 9432, 12453]
[21690, 8658, 12932, 11765, 12933, 72, 345, 4300]
[21690, 8658, 12932, 11765, 12933, 72, 345, 4300]
[2984, 5388, 2112, 263, 87, 3483, 1827, 1186, 1836, 1523, 1865, 5251, 1887, 1746, 1778, 2133, 954, 3395, 2043, 105, 6170]
[5958, 8738, 500, 452, 361, 644, 485, 9137, 9471]
[15540, 5251, 452, 428, 8933, 753, 721, 9471]
[15561]
[7544]
[7545]
[7546]
[7547, 121, 521, 312, 490, 206]
[18617, 9564, 614, 123]
[9071, 11647, 5251, 452, 7644, 441, 428, 733, 1020, 2997, 481, 7964, 894, 1132, 4953, 4990, 644, 7671, 306, 9437, 497]
[18084, 105, 954, 30, 2784, 32, 1034, 148, 704, 75, 1164]
[18316, 105, 2048, 2059, 1353, 1247, 8125, 1322, 121, 9565, 6049, 30, 184, 5764]
[18146, 32, 196, 30]
[20691, 32, 30, 4430]
[23168, 3483, 211, 2067, 214, 261, 1164, 121, 6986, 2784, 2630, 10581, 4430, 3447]
[20692, 87, 704, 2784, 2042, 4430]
[19263, 1167, 87, 6082, 388, 2081, 198, 3446, 954, 30, 2784, 435, 704]
[22376, 954, 30, 479, 12904, 4430]
[5376, 5872, 4992, 12401, 520, 8028, 10106, 3640, 5021, 159, 3675, 9565, 1045, 9461, 8002, 11647, 105, 605, 2536, 8253, 733]
