['']
[18454]
[13379]
[13380]
[489]
[19244]
[20293]
[19501]
[7520]
[7521]
[9107]
[9108]
[9987]
[20018]
[725]
[1251]
[1253]
[1423]
[12429]
[15276]
['']
[7082]
[22102]
[21110]
[21114]
[21108]
[21113]
[21112]
[21109]
[21111]
[21117]
[21116]
[21115]
[21404]
[16450]
[17271]
[17272]
[18436]
[17233, 323]
[19245]
['']
[20359]
[20360]
[20361]
[20676]
[21781]
[21804]
[20294]
[20561]
[20562]
[3620]
[458]
[9997]
[9996]
[9994]
[9995]
[7524]
[6079]
[2113]
[19095]
['']
[19246]
[15318]
[15317, 227]
[3614]
[20295]
[10235]
[9790, 314]
[17318]
[17319]
[17929]
[14350]
[13543]
[20296, 323]
[19247]
[17719, 303]
[13603, 303]
[13896]
[20563]
[20544]
['']
[459]
[1097, 318]
[6807]
[6611]
[1980]
[9822]
[6484]
[9369]
[7526]
[7527]
[9197]
[9373]
[20607]
[20565]
[20566]
[9823]
[18885]
[13383]
[7502]
['']
[172]
[155]
[195]
[320]
[7533]
[7534]
[19163]
[20538]
[20012]
[19249]
[19250]
[19344]
[19253]
[19134, 311]
[18794]
[18795]
[18679]
[18661]
[18621]
['']
[18649]
[18653]
[18657]
[18635]
[18668]
[18679]
[18661]
[18749]
[18750]
[23058]
[23116]
[20468]
[19255]
[20681]
[20627]
[20628, 319]
[18315]
[18320]
[18321]
['']
[4897]
[18729]
[18852]
[19259]
[1023]
[3884]
[4600]
[2841]
[1147, 318]
[7231]
[18524]
[18506]
[18507]
[20682]
[21853]
[20643]
[20644]
[22105, 320]
[18136]
['']
[18121]
[18122]
[20622, 316]
[16449]
[19988]
[19237]
[22001]
[18485]
[17284]
[17283]
[17280]
[17279]
[19989]
[17281]
[17282]
[20431]
[18270]
[18385]
[18532]
['']
[18386]
[19260]
[19261]
[17752]
[22692]
[20602]
[22106]
[20443]
[22190]
[20444]
[20445]
[21651]
[20683]
[20263]
[20685]
[20684]
[2114]
[9865]
[17650, 302]
['']
[15616, 116, 29, 271]
[2116]
[14618]
[719]
[15446]
[15257]
[22375]
[1983]
[10000]
[15290]
[1234]
[1335]
[17651]
[20787]
[3616]
[6666]
[3617]
[2987]
[769]
['']
[2707]
[1126]
[2234]
[3101]
[4910]
[6440]
[7538]
[20432, 311, 319, 321]
[17285, 116, 252, 258, 151, 154, 270, 271]
[1987, 238, 318, 266, 305]
[454]
[13743]
[21652]
[21127]
[1229]
[277]
[276]
[13205]
[18900]
['']
[9802, 233, 246]
[2984]
[5958]
[15540]
[15561]
[7544]
[7545]
[7546, 266]
[7547]
[18617]
[9071]
[18084]
[18316]
[18146]
[20691]
[23168]
[20692]
[19263]
[22376]
['']
[1952]
[9917]
[1967]
[1970]
[9780]
[7680]
[9835]
[9022]
[15622]
[19264]
[19850]
[21739]
[20687]
[17287]
[1489]
[17286]
[20688]
[1164]
[18096]
['']
[193]
[19262]
[236]
[19267]
[318]
[1292]
[1291]
[1283]
[1394]
[3]
[13863]
[20693]
[20695]
[8806]
[8925]
[14560]
[19265]
[16312]
[6604]
['']
[17749]
[14933]
[5269]
[13043]
[14987]
[14684]
[9544]
[14986]
[18445]
[22545]
[20327, 323]
[19632]
[22733]
[22186]
[16371]
[17806]
[17834]
[20410]
[22377]
['']
[20412]
[21653]
[21654, 227]
[3618, 320]
[18142]
[18901]
[18128]
[19268]
[22997]
[4876]
[6051]
[6664]
[4811]
[19271]
[19272]
[20696]
[20697]
[10007]
[10009]
['']
[7552]
[1949]
[14938]
[13578]
[13579]
[2568]
[2556]
[6427]
[13580]
[5859]
[7273]
[7300]
[7553]
[7554]
[7555]
[9379]
[7556]
[13711]
[9795]
['']
[10005]
[10006]
[10008]
[9854]
[7558]
[7559]
[7197, 229]
[3613]
[18285, 229]
[1924, 229]
[2974, 229]
[1971, 229]
[3131, 229]
[2436, 229]
[2973]
[6056]
[7561, 229]
[2211]
[19274, 293]
['', 293]
[2524, 293]
[2541, 293]
[2532, 293]
[3454, 293]
[6025, 293]
[6619, 293]
[5239, 293]
[2420, 229]
[1864, 229]
[1081, 229]
[1077, 229]
[1079, 229]
[1078, 229]
[1080, 229]
[1115]
[13025]
[15433]
[14818]
[14811]
['']
[19275]
[13082]
[13540]
[20441]
[19276]
[20087]
[22917]
[20442]
[19280]
[19282]
[15468]
[15481]
[15469]
[18766]
[18725]
[18764]
[18560]
[156]
[1280]
['']
[1562]
[853]
[19239]
[983]
[1648]
[19284]
[20300]
[237]
[14780]
[14696]
[14779]
[14695]
[14694]
[14693]
[1203]
[19096]
[9087]
[21095]
[2982]
['']
[13864]
[9792]
[11110]
[6792]
[16431]
[9029]
[6697]
[7080]
[6699]
[9180]
[8803]
[8738]
[6698]
[9019]
[8861]
[9239]
[7308]
[8890]
[9046]
['']
[9858]
[10024]
[10025]
[14116]
[14155]
[14115]
[744]
[17295]
[15164, 227]
[3619]
[16477]
[7576]
[15145]
[15143]
[4955]
[14616]
[992]
[5051]
[1464]
['']
[15165]
[15509]
[17294]
[1298]
[6470]
[6422]
[1422]
[1485]
[14821]
[5055]
[14661]
[9381]
[15167]
[14301]
[15166]
[9382]
[7580]
[8916]
[5998]
['']
[16162]
[9743]
[14456]
[9781]
[10029]
[10028]
[13006, 233]
[10030, 233]
[10031]
[9782]
[10319]
[18976, 234, 37]
[354]
[22547, 116, 239, 252, 154, 270, 271]
[1991]
[3621]
[17296, 315, 319]
[16452, 310, 302, 309]
[9085]
['']
[9859]
[18912]
[18911]
[18910]
[18908]
[18907]
[22378]
[18905]
[18906, 320]
[18904]
[18909]
[13734]
[15005]
[14985]
[18840]
[18839, 317]
[17954]
[17956]
[18214]
['']
[17955, 310, 302, 309]
[9086]
[13250]
[10037]
[10038]
[13730]
[14968]
[14417]
[1046]
[1748]
[18493]
[13320]
[22936, 116, 233, 246]
[1988]
[16875]
[17303]
[17304]
[18344, 315, 317]
[15373]
['', 315, 317]
[15373]
[17305]
[15371]
[9783]
[1496]
[15069]
[15144]
[1737]
[1816]
[2929]
[15230]
[14567]
[17308]
[17309]
[18494]
[10051]
[14449]
[15028]
[12999]
['']
[15026]
[15716]
[19288]
[19289]
[19290]
[19291]
[19292]
[2384, 234]
[1795, 234]
[344, 234]
[1398, 234]
[1403, 234]
[7067, 234]
[1359]
[18181]
[18286]
[22379]
[20699]
[20700]
['', 234]
[829]
[2111]
[7583]
[10043]
[22963]
[2394]
[1990]
[17310]
[21096]
[21097]
[21805]
[22380]
[22381]
[157]
[93]
[94]
[1143]
[2241]
[19294]
['']
[9860]
[9861]
[9862]
[15274]
[9863]
[9990]
[20654]
[13085]
[10238]
[14843]
[15329]
[9826]
[21410]
[21064]
[21409]
[21408]
[21284]
[21330]
[21332]
['']
[18341]
[18342]
[18343]
[10048]
[17297]
[158]
[227]
[17299]
[17298]
[17301]
[17300]
[307]
[17681]
[17682]
[1197]
[18710]
[18317]
[1262]
[18711]
['']
[271]
[20060]
[22229]
[20938]
[9181]
[13032]
[13062]
[17311, 310]
[15305]
[17316]
[16800]
[16321]
[18209]
[16510]
[17317]
[16229]
[16230]
[18196, 116, 233]
[3623, 233, 246]
['', 116]
[3462]
[1497, 320]
[18398]
[18400]
[18902]
[19298]
[19299]
[13768]
[9927]
[14763]
[95]
[14815]
[2962]
[4864]
[9383]
[4791]
[7589]
[6279]
[17966]
['']
[715]
[306]
[1230]
[9414]
[10052]
[15025]
[18016]
[18015]
[19300]
[14354]
[14355]
[5426]
[10047]
[96]
[20555]
[15187]
[13411]
[97]
[724]
['']
[1238]
[15546]
[13585]
[2691]
[937]
[13920]
[14846]
[17881]
[17882]
[18478]
[19301]
[18137]
[6476]
[6473]
[23052]
[1679]
[359]
[7071]
[14845]
['']
[7070]
[14816]
[10054]
[17721]
[17807]
[18559]
[9811]
[10055]
[23400]
[14558]
[1537]
[6865]
[15945]
[4618]
[17967]
[1328]
[19315]
[20023]
[19314]
['']
[19303]
[20270]
[13799]
[19987]
[19304]
[9903]
[19305]
[18790]
[9384]
[19311]
[15301]
[19312]
[17996]
[15010]
[9385]
[21333]
[15740]
[9864]
[13447]
['']
[15281]
[10059]
[22468]
[17722]
[17746]
[9386]
[9387]
[15132]
[15743]
[15742]
[20702]
[17951, 318, 255, 269, 273, 277]
[1945]
[7595]
[9391]
[9390]
[22382, 269]
[3087]
[7005]
['', 255]
[4032, 255]
[3097]
[6027]
[5244, 269]
[7496, 269]
[7478, 269]
[6840]
[7600]
[98]
[9098]
[15137]
[9099]
[18287]
[15139]
[17321]
[10062]
[9020]
[15196]
[15195]
['']
[9392]
[1441]
[20560]
[19316]
[17679]
[18319]
[19320]
[19318]
[19319]
[19598]
[19599]
[19600]
[19601]
[19321]
[19325]
[1992]
[19327]
[11444]
[11446]
['']
[9393]
[1493]
[12973]
[9293]
[9294]
[15125]
[14368]
[14367]
[14940]
[17323]
[14939]
[15131]
[17327]
[17326]
[17329]
[17328]
[9199, 310]
[14703]
[14746]
['']
[14303]
[17330]
[15623]
[14302]
[14253]
[16359]
[18197]
[16372]
[15333, 320]
[19085]
[19330, 320]
[19084]
[19333, 320]
[19086]
[17232]
[3625]
[13194, 309]
[15370]
[15377]
['']
[23021]
[177]
[1198]
[1543]
[1736]
[4]
[1503]
[1207]
[13570]
[7601]
[1928]
[3431]
[997]
[5694]
[5858]
[19336]
[19335]
[3626, 37]
[3753]
['']
[23121]
[17886]
[16425]
[20788]
[16324]
[20789, 318]
[6804, 37]
[2115]
[3627]
[20912, 238, 251, 255, 269]
[784]
[819]
[23017]
[3850]
[19337]
[19826]
[20703]
[22311]
[1431]
['']
[21523]
[6876]
[99]
[100]
[20921]
[20922]
[21538]
[5771]
[1479, 238]
[2226]
[22385, 255]
[2950]
[4530]
[9265]
[1726]
[7605]
[7604, 302]
[15691]
[13165, 305]
['', 305]
[14961]
[1477]
[19338]
[1682]
[7497]
[22549]
[22744]
[1994]
[16421]
[20448]
[9706, 323]
[18138]
[758]
[11650]
[9120]
[9852]
[20449]
[18123]
[20450]
['']
[19339]
[2272]
[10068]
[9000]
[1270]
[10067]
[14765]
[14766]
[20569]
[10065]
[10066]
[7609]
[7610]
[1491]
[878]
[20791]
[9148]
[9147]
[5, 238]
['']
[1249]
[2931]
[2236]
[20707]
[101, 227]
[3628]
[9916]
[23505]
[18769]
[18728]
[963]
[1624]
[850]
[8881]
[295]
[9318]
[9125]
[21411]
[14825]
['']
[18346]
[18337]
[6667]
[2424]
[994]
[22530]
[1285]
[771]
[13587, 298]
[4002]
[22386, 154]
[1995, 238, 251]
[693]
[13886]
[1209]
[14036]
[1338]
[1488]
[1578]
['']
[1960]
[2710]
[18361]
[16907]
[17723]
[17334]
[17335]
[18272]
[18360]
[4059]
[7614]
[6439]
[5822]
[7486]
[8917]
[9395]
[9200]
[9396]
[10073]
['']
[103]
[1208]
[1337]
[1487]
[1577]
[6668]
[20944]
[224]
[6]
[21682]
[21683]
[7]
[8]
[13689]
[13537]
[2722, 234]
[485, 37]
[1997]
[17336, 116, 231, 248, 29, 270, 271]
['', 320]
[16516, 309]
[13830]
[6478, 238, 302, 251]
[832]
[13740, 234]
[716]
[20708]
[1231]
[1334]
[1324]
[1550]
[10739]
[13808, 320, 323]
[19160]
[19341]
[19342]
[10075]
[14998]
[13820]
['']
[1064]
[12470]
[20913]
[9397]
[16244]
[15022]
[15023]
[12967]
[13190]
[15021]
[13211]
[1766]
[22387]
[1707]
[14569]
[14636]
[16325]
[18973]
[18996]
['']
[18973]
[18996]
[13507]
[13516]
[2969]
[14322]
[15001]
[11984]
[1459]
[1998]
[7222]
[12179]
[13199]
[18147]
[18184]
[22389]
[20709]
[18289]
[19343]
['']
[20080]
[9351]
[7629]
[9988]
[9044]
[19345]
[18903]
[7230]
[6313]
[6578]
[5984]
[7638]
[17337]
[17338]
[17339]
[197]
[228]
[18365]
[18366]
['']
[1215]
[19236]
[18364]
[251]
[145]
[252]
[283]
[12849]
[3752]
[9833]
[8837]
[14033]
[13504]
[7630]
[12280]
[14477]
[14478]
[14444]
[20451]
['']
[7632]
[7633]
[14244]
[15447]
[13617]
[9869]
[12965]
[12115]
[18827]
[17342]
[12983]
[12257]
[11985]
[12288]
[14445]
[12963]
[20603]
[22390]
[10080]
['']
[13809]
[14470]
[14469]
[13626]
[5256]
[10083]
[9870]
[19232]
[14443]
[12964]
[12279]
[9402]
[8213]
[9403]
[14718]
[12931]
[14867]
[14866]
[13767]
['']
[1779]
[13163]
[2972]
[9]
[19346]
[8838]
[9201]
[20792]
[20711]
[20629]
[20630]
[22177]
[22284]
[22748]
[11986]
[11972]
[22902]
[22178]
[21098]
['']
[21100]
[22750]
[9701]
[20715]
[12817]
[2790]
[6419]
[5098]
[5078]
[7627]
[18423]
[18422]
[17343, 255]
[5061]
[13876, 255]
[3127]
[4940]
[5768]
[4922]
['']
[6224]
[13046]
[13406]
[18368]
[12848]
[7635]
[7634]
[14450]
[19347]
[13000]
[6654]
[7636]
[7637]
[20570]
[7639]
[7640]
[14474]
[14471]
[104]
['']
[13090]
[2563]
[2573]
[20066]
[20065]
[10090]
[5216]
[5880]
[9121]
[9773]
[18098]
[18097]
[18977]
[9405]
[1612]
[15568]
[1401]
[1613]
[1448]
['']
[22960]
[7644]
[7645, 269]
[6849, 269]
[6846]
[7646]
[7647, 269]
[4884]
[19348]
[7066]
[7061]
[1163]
[10]
[260]
[20794, 37]
[690, 311]
[18455, 315]
[16280]
[3041]
['', 311]
[18455, 37]
[690, 315]
[16280, 323]
[19349]
[20301]
[20719]
[3005]
[18437]
[16277]
[175]
[20631]
[20632]
[16276]
[18438]
[20073]
[312]
[1297]
[105]
[259]
['']
[21273]
[22003, 269]
[5259]
[17346]
[9290]
[9291]
[939]
[1598]
[17887]
[1565]
[11942]
[20720]
[21816]
[20633]
[20634]
[22112]
[14984]
[15003]
[15002]
['']
[12982]
[17498]
[14278]
[9873]
[9874]
[10100]
[9875]
[10101]
[10099]
[18476]
[15875]
[16921]
[17347]
[13954]
[18743]
[18300]
[18322]
[18323]
[18324]
['']
[18326]
[18327]
[2001]
[22552]
[1720]
[1721]
[22755]
[22703, 296]
[12966, 296]
[11854]
[13468, 296]
[13260, 296]
[13259, 296]
[13527, 296]
[13261, 296]
[13257, 296]
[13258, 296]
[13253, 296]
[13588]
['', 238]
[1893, 238]
[1067]
[19350]
[20721, 238]
[6208, 238]
[6248]
[20945]
[20723]
[20724]
[21440]
[2546]
[2243]
[20726, 238]
[1101]
[22982]
[21417]
[21620]
[21674]
[21727]
['']
[21692]
[21728]
[21693]
[20814]
[21695]
[21730]
[22391]
[21413]
[21101]
[21696]
[21731]
[9708]
[1865]
[19351]
[20729]
[3124]
[2308, 238]
[1900]
[20731, 238]
['']
[20732, 238]
[2256]
[20733, 238]
[2316]
[2214, 238]
[1898]
[20735, 238]
[10102]
[20734, 238]
[11636]
[20736, 238]
[1109]
[20737, 238]
[1964, 238]
[2240, 238]
[8893]
[20738]
[5730]
[20739, 238]
['', 238]
[2434]
[20740]
[20741]
[19830]
[20742, 238]
[379, 238]
[2224]
[20743]
[20744, 238]
[8894]
[20745]
[10103, 238]
[3904, 238]
[1867, 238]
[1158, 238]
[1887]
[20746, 238]
[10104, 238]
[1885, 238]
['', 238]
[1150]
[20302]
[18276]
[20747, 238]
[2221]
[20748]
[10105, 238]
[1965]
[20749, 238]
[1110, 238]
[1962, 238]
[1908]
[20750, 238]
[1114]
[6669]
[3819]
[3874]
[5786]
[20102]
['']
[20104]
[20105]
[3751]
[925]
[7287]
[7288]
[9308, 252]
[7303]
[14157]
[22392]
[22393]
[22990]
[20725]
[20796]
[21414]
[22394]
[22005]
[21005]
[23412]
['']
[21236]
[22350]
[21415]
[20797]
[786]
[1286]
[11]
[20535]
[20536]
[20537]
[21247]
[5260]
[5825]
[6238]
[17349]
[14892]
[553]
[1138]
[3849]
['']
[2239]
[14038]
[3283]
[14037]
[5258]
[6635]
[9407]
[18208]
[14266]
[8743]
[734]
[106]
[107]
[23236]
[23237]
[23241]
[13343]
[18864]
[18866]
['']
[2721]
[2200]
[2655]
[1149]
[2510]
[2396]
[2842]
[10110]
[13749]
[9368]
[10108]
[14326]
[10111]
[13914]
[15016]
[10109]
[14415]
[15015]
[21003]
['']
[21004]
[19362, 59]
[449]
[12916, 116, 248, 252, 29, 263, 271]
[2002, 311, 319]
[18457]
[20780]
[14434]
[6204]
[818]
[13405]
[7665]
[3905]
[2902]
[22235]
[7659]
[11441]
[13067]
[5093]
['']
[22758]
[9292]
[15364]
[15362]
[15363]
[1911]
[1933]
[18139]
[6247]
[6467]
[6643]
[3102]
[17352]
[17923]
[17353]
[18608]
[20783]
[21303]
[14431]
['']
[15037]
[15036]
[15034]
[17924]
[18570]
[20784]
[17970]
[20785]
[19365]
[12]
[13]
[14]
[7152]
[9684]
[7661]
[22399]
[22637]
[6073]
[1161]
['']
[16]
[17]
[18]
[13156]
[1832]
[1213]
[1214]
[1395]
[1528]
[18495]
[13140]
[18496]
[1180]
[19363]
[1199]
[19364]
[1170]
[1728]
[1729]
['']
[229]
[313]
[1196]
[19]
[146]
[20]
[21]
[22]
[1329]
[1474]
[867]
[21277]
[16382]
[9408]
[9409]
[23]
[21420]
[21657]
[21102]
['']
[15035]
[20635]
[20636]
[22113]
[3269]
[2393]
[11676]
[4068]
[7667]
[6652]
[6645]
[9784]
[6028]
[17355]
[17354]
[10115]
[13944]
[10116]
[8807]
['']
[742]
[8744]
[5839]
[5838]
[13374]
[4554]
[13875]
[7028]
[9278]
[3906]
[24]
[12233]
[14442]
[12987]
[1332]
[791]
[7669]
[18536]
[13726]
['']
[1646]
[1961]
[6475]
[3897]
[7673]
[6468]
[377]
[13249]
[6245]
[4774]
[4776]
[7674]
[9013, 318, 273]
[6599]
[789, 273]
[7676]
[6496]
[9256]
[7678]
['']
[7677]
[9413]
[9266, 318]
[8798, 318]
[8799]
[9415, 318]
[9002]
[17357]
[17934]
[8746]
[6873]
[8754, 318]
[6998]
[7685, 318]
[7000]
[7687]
[7689, 318]
[7208, 318]
[7690]
['', 318]
[8760]
[8761, 318]
[7691, 318]
[6415]
[6872]
[6692]
[7692]
[9685, 318, 273]
[7239, 318, 273]
[8350]
[8763, 318]
[7462]
[9143, 273]
[8749]
[9104, 318]
[8747, 318]
[8748, 318]
[8750, 318]
[8751]
['', 318]
[8752, 318]
[8753, 318]
[8809]
[8757, 318]
[7436]
[7695, 318]
[7696]
[8456]
[6713]
[1089]
[14782]
[5186]
[6767]
[1940]
[7008]
[7697]
[9420]
[10123]
[19368]
['']
[19369]
[19370]
[19372]
[19371]
[19375]
[19090]
[19378]
[19377]
[7366]
[9230]
[18187]
[9879]
[11081]
[9878]
[9881]
[9885]
[9785]
[10124]
[9884]
['']
[9876]
[11090]
[11088]
[9877]
[11093]
[11057]
[11114]
[11096]
[2488]
[7701]
[14649]
[3096]
[3932]
[10126]
[7702]
[7703]
[7704]
[6021]
[5624]
['']
[10127]
[7705, 318, 273]
[7707]
[7083]
[8863]
[9425]
[9051]
[9424, 318]
[8840]
[8913]
[3746]
[18153]
[14911]
[21932]
[9886]
[23095, 327]
[19379]
[20786]
[964]
['']
[1626]
[11796, 271]
[3745]
[3898]
[5705]
[5396]
[3836]
[6558]
[7482]
[3744]
[108]
[18888]
[19133]
[21334]
[21335]
[18867]
[20613]
[2004]
[13609, 318, 269]
['']
[14727, 320, 319]
[16542]
[11601]
[2005]
[9746]
[9300]
[10131]
[11071]
[20925]
[19973]
[19383]
[19394]
[21942]
[19395]
[21928]
[23023]
[21065]
[16455]
[22429]
['']
[18808]
[22401]
[18399]
[6880]
[19076]
[18019]
[18020]
[18290]
[6716]
[18058]
[18057]
[19384]
[19993]
[18609]
[21750]
[19994]
[17971]
[19385]
[20926]
['']
[18809]
[19388]
[19386]
[19387]
[19389]
[21458]
[21509]
[22402]
[7284]
[13410]
[13506]
[14842]
[17363]
[9094]
[9343]
[9549]
[10133]
[10135]
[10136]
['']
[9353]
[11841]
[21304]
[17851]
[17995]
[17957]
[15501]
[15487]
[17674]
[9887]
[10138]
[10137]
[14835]
[15482]
[14909]
[13868]
[10139]
[10140]
[15590]
['']
[7523]
[11602]
[11063]
[10141]
[5862]
[11518]
[17231]
[9045]
[9426]
[10144]
[10143]
[12988]
[22403]
[22481]
[21488]
[21472]
[13783]
[14923]
[15210]
['', 269]
[7713, 269]
[7714, 269]
[7073]
[7715]
[7716]
[17360]
[17361]
[9203]
[7717]
[18347]
[9427]
[10146]
[18348]
[10147]
[14460]
[12985]
[18349]
[12984]
[19391]
['']
[18439]
[18458]
[20098]
[20097]
[4508]
[23072]
[17917]
[23425]
[18537]
[18538]
[18949]
[18978]
[20306, 323]
[19390]
[14349]
[3903]
[14270]
[21489]
[21510]
['']
[21421]
[17652]
[13709]
[21239]
[17808]
[19070]
[19392]
[21606]
[22300]
[8865]
[10149]
[9428]
[19380]
[14457]
[8810]
[7240]
[7720]
[22505]
[2003]
['']
[17846]
[22114]
[21423]
[21104]
[10150]
[9889]
[22405]
[20574]
[20575]
[21066]
[21363]
[21685]
[22761]
[22762]
[23510]
[20576]
[13765]
[10915]
[19073]
['']
[19398]
[19397]
[19087]
[19161]
[19401]
[19083]
[19404]
[19162]
[22313]
[22306]
[1727]
[19405]
[20006]
[20033]
[9430]
[18307]
[7721]
[19980]
[19407]
['']
[10151]
[19409]
[9137]
[1148]
[1635]
[974]
[1650]
[1639]
[1649]
[1643, 271]
[3743]
[728]
[23074, 309]
[14701]
[21038]
[14739]
[14737]
[21539]
[13851]
['']
[15302]
[15309]
[15308]
[7380]
[9431]
[2006]
[2564]
[18787]
[9890]
[10154]
[10155]
[18639]
[18746]
[18646]
[18677]
[18632]
[18678]
[18748]
[14919]
['']
[15832]
[733]
[1240]
[1360]
[960]
[6608]
[527]
[801]
[1350]
[2985, 271]
[3740]
[20457]
[22667]
[17809]
[21105]
[22560]
[22767]
[22409]
[22670]
['']
[20414]
[20800]
[20799]
[22115]
[22116]
[1780, 116, 253, 29, 219]
[3741]
[21424]
[21106]
[23426]
[110]
[19415]
[14358]
[14360]
[21249]
[21012]
[21697]
[15466]
[15467]
['']
[13523]
[20458]
[21445]
[22931]
[1096]
[2225]
[22664]
[21446]
[9008]
[9432]
[9179]
[9130]
[7732]
[7731]
[8884]
[3742]
[2007]
[109]
[20019]
['']
[2008]
[10161]
[10160]
[9240]
[13172]
[13792]
[10619]
[11022]
[10992]
[20801]
[912]
[1524]
[20802]
[20803]
[21784]
[9786]
[764, 323]
[19417]
[20307]
['']
[378]
[1806]
[2937]
[4028]
[225]
[230]
[111]
[112]
[113]
[282, 321]
[19075]
[23125]
[23447]
[10163]
[7734]
[22561, 311]
[18459]
[574]
[25]
['']
[6023]
[15485]
[22410]
[26]
[22770]
[18497]
[198]
[1217]
[147]
[280]
[15421]
[15420]
[812]
[1355]
[862]
[1451]
[27]
[2317]
[8995]
['']
[13906]
[389]
[13502]
[1236]
[1227]
[1254]
[18768]
[18727]
[18767]
[18726]
[21607]
[21615]
[22304]
[22192]
[7741]
[5977]
[18017]
[5878]
[6072]
['']
[8935]
[15379]
[9241]
[9710]
[9433]
[9154]
[6381]
[15380]
[7739]
[9436]
[7738]
[7743]
[9437]
[9787]
[699]
[1570]
[6870]
[11319]
[11311]
['']
[3886]
[9189]
[15343]
[17684]
[114]
[15342]
[3457]
[11309]
[11323]
[11313]
[1755]
[11317]
[3453]
[9438]
[14476]
[17685]
[5088]
[10187]
[11321]
['']
[6837]
[1731]
[1569]
[15527]
[329]
[1457]
[2718]
[9257]
[17972]
[2714]
[7283]
[17686]
[1314]
[1746]
[2565]
[5251]
[9439]
[14122]
[5261]
['']
[1416]
[3278]
[7747]
[5100]
[1544]
[14374]
[1929]
[1263]
[14410]
[1752]
[14409]
[2249]
[15534]
[5252]
[9440]
[17687]
[1552]
[1754]
[7748]
['']
[1747]
[168]
[15529]
[169]
[15526]
[1432]
[15531]
[1762]
[15530]
[6229]
[9442]
[17973]
[220]
[1827]
[28]
[29]
[1313]
[17374]
[1568]
['']
[1267]
[13631]
[13632]
[4543]
[9443]
[1499]
[1743]
[1429]
[1741]
[5409]
[1765]
[6042]
[3450]
[6218]
[17375]
[1826]
[1753]
[7753]
[1461]
['']
[7754]
[15262]
[1387]
[1716]
[2957]
[7755]
[1922]
[1717]
[1620]
[1621]
[1622]
[4042]
[4917]
[5785]
[1623]
[1619]
[1427]
[1677]
[1923]
['']
[14121]
[3277]
[7025]
[14384]
[1828]
[2958]
[14383]
[6630]
[15424]
[291]
[4915]
[9444]
[15484]
[1811]
[15483]
[1657]
[2444]
[14382]
[1761]
['']
[15368]
[1571]
[14375]
[1572]
[14397]
[1573]
[14396]
[1830]
[14395]
[1204]
[14394]
[1587]
[1969]
[7474]
[30]
[31]
[32]
[33]
[2566]
['']
[7757]
[1312]
[1611]
[1574]
[1352]
[5829]
[1745]
[14405]
[7758]
[14475]
[15369]
[17376]
[331]
[1325]
[231]
[34]
[14119]
[15366]
[1553]
['']
[17688]
[6648]
[1575]
[1691]
[6445]
[35]
[36]
[37]
[1594]
[14401, 248]
[1722]
[14400]
[7759]
[15261]
[15422]
[17377]
[4942]
[1829]
[15341]
['']
[14399]
[9813]
[1796]
[14398]
[14389]
[1935]
[14388, 248]
[1688]
[14376]
[3122]
[14387]
[7475]
[38]
[39]
[40]
[41]
[1058]
[2017]
[6194]
['']
[1770]
[5103]
[5842]
[1958]
[5053]
[1973]
[5022]
[6834, 249, 252, 154]
[2011, 234, 251]
[740]
[1596]
[1768]
[1894]
[3098]
[4935]
[22411]
[7762]
[9204]
[13517]
['']
[1294]
[1257]
[3736]
[3735]
[6663]
[16351]
[16139]
[7196, 251]
[479]
[1146]
[8802]
[8736]
[7295]
[7767]
[7768]
[7769]
[7770]
[10193]
[1419]
['']
[1563]
[1564]
[1899]
[2553]
[3860]
[154]
[199]
[3291]
[1184]
[1246]
[1418]
[115]
[116]
[284]
[3420]
[7763]
[20460]
[22520]
[22006]
['']
[20416]
[20417]
[20418, 227]
[3737, 297]
[9136, 297]
[9069]
[9132, 297]
[9693, 297]
[9187, 297]
[9306]
[4557]
[20308]
[7772]
[2966]
[42]
[2119]
[2535]
[3281]
[7238]
['']
[18700, 234, 238, 287, 255]
[421, 116, 248, 252, 29, 154, 270, 271]
[2121, 319]
[16557]
[3292]
[18842]
[18841]
[2506]
[3444]
[9892]
[13403, 233, 240, 246]
[2012]
[19078]
[19420]
[3767]
[1453]
[1669]
[15763]
[15762]
['']
[18052]
[18291]
[18200]
[9267]
[9450]
[10197]
[10196]
[11073]
[12986]
[15100]
[15099]
[15098]
[9453]
[19421]
[13705]
[13703]
[13704]
[13690]
[6417]
['']
[18292]
[19422]
[22412]
[7784]
[9893]
[13692]
[214]
[14252]
[3090]
[3091]
[1579]
[2435]
[971]
[364]
[1469]
[23532]
[1458]
[1692]
[9076]
['']
[6657]
[341]
[1424]
[3293]
[1449]
[1760]
[2446]
[3279]
[2254]
[5413]
[7785]
[1265]
[174]
[17378]
[1266]
[18705]
[17379]
[232]
[1659]
['']
[19423]
[18273]
[1293]
[19424]
[1303]
[1358]
[16346]
[2445]
[18029]
[1498]
[880]
[3076]
[1521]
[15097]
[14850]
[2579]
[14851]
[1098]
[23531]
['']
[1784]
[13375]
[13376]
[3295]
[17747]
[13433]
[842]
[1443]
[1411]
[840, 251]
[933]
[6071]
[3201]
[7797]
[5254]
[5253]
[10202]
[15259]
[13725]
['']
[4514]
[3429]
[965]
[2255]
[14559]
[20539]
[1600]
[3800]
[7779]
[7800]
[1527]
[914, 255]
[4908, 255]
[2968]
[14347]
[14346]
[1636]
[884]
[7470]
['']
[1181]
[6618]
[6235]
[6251]
[17724]
[17725, 302]
[13691]
[15595]
[14267]
[13861]
[15392]
[15391]
[14438]
[14587, 302]
[14104]
[14095]
[14593, 302]
[14022]
[13857]
['']
[14588]
[10229]
[14562]
[14348]
[15390]
[14306]
[14255, 302]
[14800, 302]
[13858, 302]
[14589, 302]
[13854]
[13822, 302]
[14059, 302]
[14563, 309]
[14804]
[15396, 302]
[13881]
[15473]
[14034]
['']
[14561]
[14150]
[14152, 302]
[14151]
[14564]
[13158, 302]
[14065]
[14592, 302]
[14324, 302]
[13855, 314, 315]
[17370]
[17367]
[17368]
[21525]
[13501]
[13440]
[16561]
[14307]
[15182]
['']
[12994]
[14180]
[15321]
[15320]
[15322]
[17381]
[17382]
[13547]
[19187]
[18950]
[18980]
[20256]
[20257]
[6665]
[7435]
[18982]
[9711]
[3738]
[16019]
['']
[18763]
[2819]
[22413]
[5382]
[22483]
[5197]
[7259]
[18253]
[7802]
[15184]
[10206]
[7805]
[9687]
[10616]
[20998]
[6694]
[7228]
[3876]
[1041]
['']
[6695]
[1118]
[6814]
[1909]
[1880]
[2887]
[4879]
[7038]
[7809]
[361]
[11068]
[6159]
[4015]
[5353]
[1117]
[2419]
[4011]
[538]
[13892]
['']
[3908]
[6997]
[6985]
[9354]
[9355]
[19820]
[19821]
[21426]
[21425]
[20106, 266]
[877]
[3895]
[1776]
[1895]
[14271]
[22173]
[14248]
[18788]
[14251]
['']
[43]
[1492]
[879]
[20546]
[20577, 323]
[19426]
[117]
[118]
[119]
[120]
[121]
[823]
[1375]
[9788]
[9700]
[22890]
[20424]
[18046]
[777]
['']
[21593]
[18055]
[8836, 227]
[2578]
[21595]
[7282]
[17389]
[16281]
[16282]
[17689]
[13853]
[1476]
[1289]
[19427]
[21751]
[9454]
[5753, 308, 306]
[9895]
[13118]
['']
[10218]
[973, 227]
[3734, 154]
[6256]
[23040]
[18268]
[11983]
[23281]
[23449]
[23451]
[23278]
[23450]
[23452]
[23280]
[23448]
[23282]
[23279]
[6455]
[4819]
['']
[7401]
[17990]
[17943]
[17989]
[17944]
[17992]
[17945]
[17991]
[20381, 323]
[19430, 238, 277]
[1104]
[20866, 219]
[6255, 302]
[14018]
[805]
[3733]
[22927]
[2013]
[3070]
['']
[15557]
[23015]
[10219]
[1157]
[5268]
[1902]
[14051]
[1797]
[2698]
[3447]
[4051]
[5879]
[21405]
[22414]
[15500]
[5974]
[7483]
[7820]
[9456]
['']
[6228]
[15136]
[1735]
[1353]
[122]
[7822]
[4018]
[1858]
[2920]
[7818]
[9255]
[7821]
[2014]
[2493]
[951]
[2015]
[2016]
[3801]
[3765]
['']
[3204]
[4461]
[6671]
[6670]
[3730]
[3731]
[6672]
[6070]
[1108]
[4898]
[967]
[21686]
[19817]
[22895]
[1505, 251]
[1025]
[23276]
[18995]
[20083]
['']
[20999]
[1032]
[922]
[19431]
[6006]
[9311]
[13066]
[975]
[5108]
[17391]
[17392]
[7826]
[8765]
[11378]
[887]
[1517]
[22567]
[22568]
[22562]
['', 154]
[7077]
[14100]
[19432]
[20089]
[20088]
[21305]
[773]
[19434]
[19433]
[20807]
[20091]
[20090]
[20465]
[18212]
[19441]
[19019, 315, 319]
[16410]
[17393, 295, 269, 294, 276]
[4885]
['']
[20354]
[19444]
[19445]
[19446]
[19448]
[19447]
[19020]
[18897]
[20026]
[18843]
[18844]
[20810]
[17712]
[18047]
[19829]
[18451]
[22314]
[21752]
[22417]
['']
[17755]
[20027]
[17394]
[7035]
[6456]
[19992]
[18201]
[17395, 276]
[9039, 276]
[7516]
[18712, 276]
[7829, 276]
[7830, 295]
[10220]
[19451]
[19452]
[19442]
[19443]
[17396]
['']
[22922]
[19450]
[19449]
[18202]
[22493]
[7290]
[7289]
[19033]
[18387]
[20679]
[23042]
[23041]
[22485]
[20997]
[20466]
[20996]
[22117]
[22779]
[22421]
['']
[18391]
[18390]
[20680]
[7833]
[7832]
[17754]
[17397]
[17398]
[23132]
[19453]
[19454]
[20364]
[19455]
[22988]
[22944]
[22521]
[22987]
[22373]
[22923]
['']
[22372]
[23063]
[22900]
[22945]
[21506]
[22724]
[21402]
[22226]
[20811]
[22227]
[21328]
[21232]
[22296]
[9145]
[649]
[22709]
[21033]
[21473]
[21474]
['']
[19456]
[20311]
[1931]
[6481]
[7835]
[10222]
[7838]
[398]
[7843]
[10223]
[7842]
[12970]
[10695]
[14447]
[10749]
[14458]
[12993]
[10707]
[12992]
['']
[9268]
[7839]
[7841]
[18241]
[1825]
[2543]
[6219]
[10227]
[7845]
[6483]
[19711]
[19457]
[16340]
[18461]
[18801]
[7847]
[1062]
[4998]
[6053]
['']
[21285]
[3728]
[685]
[16376]
[16309]
[22533]
[9896]
[12286]
[13160]
[10366]
[21516]
[22063]
[19225]
[17902]
[19458]
[17936]
[16305]
[18607]
[16304]
['']
[17653]
[18012]
[19256]
[20469]
[18377]
[19074]
[19460]
[13731]
[13787]
[22578]
[2717]
[5097]
[1946]
[6429]
[5067]
[1851]
[1850]
[1128]
[2237]
['']
[13065]
[9574]
[9969, 302, 305]
[9898]
[10232]
[874]
[20812]
[9350]
[7850]
[7849]
[1480]
[7851]
[7852]
[20813]
[9899]
[19063]
[14777]
[14776, 238, 277]
[1121]
['', 302]
[13330, 238]
[1966]
[13558]
[2700, 277]
[3282]
[20085]
[22367]
[1813]
[1815]
[1812]
[1814]
[7856]
[9077]
[13426]
[9810]
[9940]
[9791]
[10241]
[9902]
['']
[12757]
[23117]
[21427]
[16370]
[9299]
[9909]
[10243]
[6700]
[19461]
[19462, 251]
[3441, 251]
[855]
[14849]
[9794, 251]
[5070]
[3065, 251]
[7262, 251]
[1530, 251]
[1615, 251]
['']
[7859, 251]
[8766, 251]
[1529, 251]
[1625, 251]
[9462, 251]
[1481, 251]
[7857, 251]
[1412]
[20312, 251]
[9205, 251]
[1614]
[123]
[3891]
[2882]
[20471]
[4768]
[4766]
[19241]
[4767]
['']
[4771]
[3883]
[19463]
[20420]
[20421]
[4545]
[19465]
[21459]
[21785]
[4772]
[19466]
[7458]
[20815]
[20637]
[22580, 311]
[18834]
[22589, 318, 297, 60]
[3374]
[22588]
['']
[13739]
[1342]
[792]
[1869]
[2708]
[19077]
[21246]
[18030]
[18022]
[14734]
[5210]
[5865]
[6412]
[342]
[9713]
[7304]
[4851]
[5506]
[2581]
['']
[7863]
[4916]
[1308]
[1586]
[1719]
[2550]
[3452]
[6658]
[9227]
[13785]
[6831]
[6221]
[18855]
[7299]
[7251]
[13839]
[7866]
[7865]
[19468]
['']
[9270, 60]
[10246]
[11557, 302]
[14697]
[3249]
[7078]
[4943]
[13712]
[167]
[2574]
[13562]
[15222]
[15223]
[6990]
[8898]
[6892]
[924, 297]
[9464, 297]
[9274, 297]
['', 297]
[9448]
[14885]
[2582]
[704]
[1200]
[7870]
[13248]
[7871]
[6044]
[6043]
[13618]
[9316]
[648, 212]
[2426, 212]
[4471]
[11638]
[7872]
[9466]
[5015]
['']
[15192]
[15193]
[15464]
[7873]
[7053]
[9207]
[7875]
[1310]
[3463]
[12883]
[3461]
[187]
[9118]
[7877, 277]
[7469, 60]
[10254, 277]
[5056, 277]
[4914, 277]
[4918, 277]
['', 277]
[5220, 277]
[4911, 277]
[4924]
[2020]
[478]
[13762]
[18952]
[7438]
[1484, 314]
[18248]
[10256]
[21034]
[21009]
[1045]
[11872]
[15040]
[23043]
[23126]
[13344]
['']
[1333]
[782]
[20552]
[20553]
[1140]
[3386]
[7878]
[2943]
[2570]
[5388]
[4929]
[6617]
[6034]
[7022]
[7881]
[7880]
[5738]
[3851]
[18023]
['']
[5378]
[8877]
[9279]
[9028]
[13508]
[6416]
[7883]
[8878]
[12868]
[12971, 318, 269]
[3762]
[5774]
[5102]
[9469]
[9470]
[7884]
[7885]
[7481]
[6845]
['', 269]
[6055]
[7888]
[7887]
[7886, 251, 37, 212, 277]
[465, 116, 248, 253, 154, 270, 271]
[2021, 309]
[14876]
[2983]
[16427]
[10321]
[15056]
[22469]
[19469]
[9269]
[9471]
[10259, 60]
[10260]
[166]
[10261]
['']
[233]
[308]
[1218]
[1300]
[44]
[45]
[46]
[244]
[15054]
[17800, 297]
[9472]
[15138]
[15141]
[1632]
[15255]
[2108]
[6260, 296, 297, 60]
[8842]
[13197]
['']
[13627]
[12369]
[12980]
[15744]
[13729]
[12968]
[18369, 317]
[16583]
[18462]
[17714]
[17405]
[17404]
[17407]
[17406]
[18274]
[18275]
[18714]
[18713]
[9062]
['']
[22596]
[22604]
[22787]
[13356]
[15586, 323]
[19470]
[20313, 315]
[17735]
[124]
[3727]
[18294]
[6673]
[6449]
[6631]
[18690, 323]
[19471, 253]
[1167]
[18689, 253]
[2023]
['']
[9474]
[1817]
[13702]
[17937]
[20314]
[17736]
[18090]
[18218]
[18217, 29]
[2024, 29]
[3289]
[19831]
[21517]
[21818]
[18077, 315]
[18339]
[18355, 315]
[18140]
[18125, 320, 317, 311]
['']
[20038]
[20039]
[19472]
[20015]
[18066]
[18067]
[19473]
[18777]
[18776, 317]
[18499, 317]
[18556]
[18618]
[2026]
[637]
[2027]
[822]
[17888]
[19476]
[22994]
['']
[47]
[22644, 323]
[19477]
[20315]
[17974]
[23283]
[17975]
[20477]
[21392]
[19217]
[3726]
[2028]
[2567]
[5255]
[6864]
[9475]
[18831]
[18832]
[10262]
['']
[10263]
[9476]
[22928]
[13706]
[20476, 318, 302, 309]
[4889]
[14978]
[7916]
[9330]
[9162]
[14979]
[16232]
[20422]
[21429]
[7069]
[6463]
[7068]
[7043]
[6464]
['']
[20423]
[21428]
[22180]
[9156]
[9157]
[9159]
[9158]
[9163]
[9160]
[10264]
[10265]
[10267]
[10266]
[14345]
[13772]
[14981]
[14980]
[16231]
[23097]
['']
[12392]
[20290]
[732]
[22993]
[20289]
[6252]
[19478]
[23454]
[20291]
[22426, 311]
[18539]
[22427]
[18540]
[18541]
[19479]
[17413, 116, 231, 239, 154, 270, 271]
[2029]
[18542]
[13577]
['', 317, 311]
[16593, 238]
[835]
[18371]
[12885, 234, 37]
[2572]
[9208]
[8815]
[12287]
[12502]
[12449]
[14285, 302]
[9924]
[14161]
[10371]
[10373]
[15101]
[17415]
[12893]
[12549]
['']
[10268]
[3077]
[23098]
[4920]
[2030]
[18575]
[18463, 233]
[3723]
[8768]
[13058]
[17416]
[17417]
[17418]
[20927]
[21241]
[19482]
[18091]
[18182]
[18031]
['']
[20657]
[17868]
[17864]
[17869]
[17866]
[17870]
[17861]
[17865]
[17871]
[17863]
[17860]
[17867]
[17862]
[9347]
[9242]
[13494]
[9346]
[10271]
[13614]
['']
[11603]
[18921]
[17410]
[17412]
[17411]
[17414]
[18373]
[18715]
[4046]
[4045]
[9477]
[9003]
[9398]
[1144]
[5451]
[7306]
[6092]
[12978]
[10725]
['']
[18080, 231]
[1846]
[9478, 231]
[9479]
[12979]
[9209]
[9232]
[1678]
[4058]
[9681]
[4057]
[2699, 255, 269, 277]
[5267]
[23409]
[6612]
[3044]
[4913]
[2860]
[1881]
['']
[9289]
[1781]
[9345]
[1367]
[16163]
[16167]
[6259]
[17810]
[17859]
[5746]
[13581]
[5065, 251]
[936]
[1021]
[2921]
[9484]
[9192]
[10275]
[1016]
['']
[18374]
[9165]
[9164]
[8470]
[13571]
[8482]
[7265]
[4376]
[5790]
[10274]
[9545]
[10277]
[9063]
[17421]
[9485]
[6054]
[17889]
[6049]
[7305]
['']
[3885]
[9348]
[13421]
[4850]
[4936]
[5835]
[9716]
[18761]
[18751, 277]
[977]
[2423]
[3253]
[2031]
[1000]
[5066]
[9138]
[23044]
[18149]
[8999]
['']
[22803]
[20297]
[20285]
[20298]
[21753]
[18876]
[13883]
[14972]
[15752]
[15753]
[16161]
[16160]
[14963]
[14959]
[911]
[2032, 302, 309]
[14764]
[16604]
[13569]
['']
[18059]
[18043]
[15061]
[17801]
[13125]
[15060]
[16269]
[16270]
[15062]
[14437]
[15427]
[19705]
[23455]
[776]
[16363]
[18985]
[13316]
[19064]
[14243]
['']
[22646]
[13542]
[794]
[795]
[7115]
[6730]
[962]
[3023]
[5568]
[7931]
[9298]
[12365]
[12377]
[7932]
[5096]
[5101, 327]
[19486]
[15597]
[20258]
['']
[7936]
[7935]
[9495]
[17675]
[7933]
[9493]
[12933]
[18060]
[18242]
[18018]
[13116]
[17949]
[17946]
[17948]
[15452]
[7937]
[7938]
[6795]
[7939]
['']
[3722]
[2437]
[5749]
[4887]
[19488]
[5377]
[22647]
[494]
[22806]
[5264]
[11893]
[12974]
[12932]
[20070]
[20071]
[9971]
[20659]
[923]
[1540]
['']
[991]
[5452]
[2539]
[6644]
[3881]
[3892]
[10296, 311]
[19044]
[19493]
[19492]
[20595]
[20596]
[2961]
[9914]
[3899]
[1877]
[2208]
[2412]
[1876]
['']
[126]
[774]
[1287]
[9744]
[7451]
[23099]
[9074]
[9336]
[13606]
[10298]
[23381]
[3953]
[5421]
[5420]
[12981]
[530]
[1402]
[2971]
[10830, 320, 323]
['']
[18356]
[19495]
[19494]
[5861]
[18464]
[18440]
[1879]
[6163]
[7945]
[5833]
[3824]
[16355]
[16356]
[2034]
[23045]
[23100]
[7950]
[10301]
[7951]
['']
[21808]
[22428]
[19496]
[21460, 323]
[19497]
[20316]
[8759]
[21964]
[888]
[15947]
[1518]
[762]
[1276]
[1154]
[1975]
[2946]
[1982]
[4035]
[5778]
['']
[13431]
[13521]
[6675]
[13342, 320, 311, 323]
[18407]
[2035]
[18417]
[19498]
[19499]
[21761]
[14683]
[14731]
[20651]
[21608]
[757]
[21599]
[20382]
[21754]
[15718]
['']
[6005]
[18491]
[1925]
[1175]
[1174]
[7963]
[9258]
[9824]
[18203]
[2231]
[1102]
[1271]
[783]
[9499]
[7965]
[9592]
[20317]
[4816]
[6641]
['']
[6610]
[14771]
[402]
[7969]
[9134]
[7417]
[19089]
[10316]
[13560]
[10314]
[9828]
[926]
[3132]
[1566]
[1567]
[1654]
[1773]
[1959]
[2701]
['']
[4909]
[5246]
[6225]
[7021]
[7970]
[927]
[2517]
[3273]
[4528]
[5402]
[6441]
[2205]
[4066]
[2949]
[3871]
[5406]
[9280]
[6243]
[866]
['']
[9210]
[1839]
[5793]
[6435]
[7250]
[7971]
[7972]
[10310]
[1470]
[1606]
[1652]
[1655]
[1801]
[2232]
[2932]
[3445]
[4510]
[6639]
[10309]
['']
[9742]
[10311]
[13149]
[5202]
[9718]
[13360]
[13386]
[10315]
[1107]
[7975]
[1800]
[1907]
[7976]
[2428]
[7977]
[3115]
[7978]
[4511]
[5083]
['']
[6835]
[7979]
[7973]
[7485]
[13710]
[13208]
[2544]
[741]
[865]
[1248]
[1317]
[1376]
[817]
[1370]
[375]
[816]
[323]
[1242]
[1315]
['']
[7296]
[5642]
[9083]
[7210]
[7443]
[6991]
[7989]
[7171]
[3049]
[5085]
[21681]
[14677]
[2036]
[5841]
[2309]
[5840]
[9185]
[21675]
[2038]
['']
[7122]
[7121]
[7995]
[8769]
[23139]
[2815, 29, 219]
[2039]
[1591]
[23266]
[1542]
[1696]
[1697]
[6874]
[13553]
[8100]
[9190]
[3720]
[215]
[203]
['']
[1261]
[48]
[258]
[3719]
[3873]
[6677]
[6676]
[17424]
[15451]
[15448]
[15449]
[18092]
[18388]
[19920]
[20029]
[21118]
[17425]
[20383]
[20671]
['']
[13777]
[13345]
[16349]
[9182]
[9251]
[13424]
[9712]
[22305]
[930]
[1798]
[15460]
[824]
[1379]
[6254]
[1139]
[3250]
[3907]
[9075]
[1943]
['']
[2194]
[6213]
[4030]
[3844]
[5764]
[3045]
[5393]
[3176]
[6015]
[6020]
[2513]
[4036]
[5667]
[4990]
[6632]
[2399]
[4037, 37]
[2575]
[2576]
['']
[1252]
[1526]
[726, 266]
[721]
[1556]
[1237]
[1420]
[1421]
[1486]
[17691]
[17693]
[17694]
[18024]
[18025]
[23456]
[1018]
[3092]
[1019]
[1020]
['']
[5454]
[2040]
[185]
[234]
[49]
[50]
[2041]
[2042]
[2275]
[2274]
[2043]
[2044]
[2277]
[2278]
[17427]
[17426]
[1683]
[3297]
[3880]
['']
[13429]
[8028]
[8027]
[1836]
[1843]
[3868]
[3867]
[5796]
[5795]
[14831]
[14833]
[6030]
[6029]
[7493]
[7492]
[8956]
[8955]
[14535]
[14830]
['']
[14830]
[8957]
[8958]
[8029]
[8030]
[14537]
[14536]
[14539]
[2965]
[2964]
[6854]
[6855]
[8960]
[13592]
[14540]
[18296]
[18295]
[1821]
[1820]
['']
[5082]
[14834]
[14832]
[17428]
[1597]
[17429]
[4048]
[4047]
[8964]
[8963]
[14533]
[14538]
[18108]
[18107]
[18109]
[18106]
[1506]
[1694]
[9281]
['']
[9282]
[14827]
[1507]
[3298]
[1695]
[4049]
[4050]
[8968]
[8967]
[20384]
[22315]
[17430]
[18297]
[17431]
[18298]
[1539]
[1538]
[2703]
[2704]
['']
[4577]
[19519]
[18157]
[20387]
[18158]
[9502]
[9503]
[20386]
[22316]
[14517]
[14520]
[1439]
[1890]
[1891]
[6629]
[6628]
[14482]
[14529]
[17432]
['']
[19518]
[268]
[275]
[293]
[301]
[8031]
[8032]
[17436]
[17435]
[17434]
[1468]
[188]
[1471]
[1918]
[1913]
[8033]
[8034]
[13619]
[17437]
['']
[246]
[13621]
[18488]
[17441]
[17440]
[18489]
[1592]
[1593]
[1834]
[1835]
[6240]
[6241]
[10332]
[10333]
[14523]
[14521]
[1373]
[14300]
[1374]
['']
[5225]
[6622]
[6623]
[8039]
[8040]
[8969]
[8970]
[3443]
[3442]
[8042]
[17443]
[17442]
[1378]
[3258]
[3259]
[8044]
[8043]
[1377]
[14524]
['']
[14524]
[17445]
[14522]
[1365]
[14519]
[5386]
[5387]
[7247]
[7248]
[10335]
[10336]
[8971]
[8972]
[1730]
[8973]
[8974]
[1371]
[1372]
[2696]
['']
[8047]
[8048]
[1916]
[1917]
[8051]
[8052]
[14500]
[14506]
[14854]
[14853]
[14861]
[14860]
[19521]
[22317]
[18111]
[18110]
[8978]
[17447]
[17446]
['']
[18112]
[18113]
[21014]
[2955]
[2954]
[8054]
[8053]
[18858]
[18857]
[18169]
[18168]
[1732]
[1733]
[3275]
[3274]
[17448]
[1674]
[1675]
[17449]
['']
[5080]
[19523]
[18117]
[18115]
[17451]
[18116]
[19527]
[18114]
[1703]
[1388]
[6656]
[6655]
[13860]
[5399]
[5398]
[8056]
[8981]
[8982]
[13593]
['']
[14508]
[17450]
[19526]
[20826]
[22321]
[7498]
[217]
[7499]
[235]
[9506]
[9507]
[10339]
[10340]
[14532]
[324]
[14499]
[14847]
[1389]
[14848]
['']
[3110]
[3111]
[248]
[255]
[265]
[274]
[292]
[300]
[14747]
[18171]
[19529]
[18118]
[17455]
[18170]
[17453]
[14760]
[18119]
[17454]
[19530]
['']
[1558]
[1708]
[1390]
[7279]
[7280]
[238]
[8057]
[9296]
[14498]
[14495]
[21015]
[8058]
[14531]
[14526]
[1391]
[1559]
[1709]
[2952]
[2953]
['']
[6436]
[7494]
[7495]
[270]
[272]
[299]
[298]
[21029]
[8965]
[8966]
[20828]
[17456]
[19532]
[17457]
[5249]
[5250]
[8983]
[8984]
[19531]
['']
[19534]
[17458]
[18160]
[14880]
[18159]
[18162]
[19535]
[17459]
[14879]
[1347]
[180]
[6862]
[6861]
[5811]
[5810]
[8985]
[8986]
[17438]
[17439]
['']
[8060]
[8059]
[205]
[9213]
[9212]
[9508]
[9509]
[2918]
[315]
[14530]
[2919]
[14496]
[14505]
[1346]
[3088]
[3089]
[1349]
[1348]
[14513]
['']
[1438]
[1557]
[281]
[289]
[1693]
[18068]
[18069]
[1701]
[3299]
[1702]
[7048]
[7047]
[14512]
[18173]
[17463]
[17462]
[14514]
[18172]
[8061]
['']
[8062]
[21031]
[1404]
[17460]
[17461]
[2248]
[2247]
[7268]
[7269]
[1671]
[8770]
[9214]
[9215]
[8755]
[14511]
[17465]
[18164]
[19541]
[14510]
['']
[19540]
[14511]
[1494]
[1977]
[3300]
[9510]
[9511]
[22329]
[14813]
[14812]
[1699]
[1978]
[6249]
[6250]
[8064]
[254]
[1495]
[1698]
[3294]
['']
[17466]
[14509]
[18177]
[18175]
[19543]
[18176]
[18174]
[17467]
[14516]
[9513]
[207]
[9512]
[17468]
[17469]
[14515]
[14493]
[14492]
[3301]
[14491]
['']
[1588]
[1705]
[1706]
[2561]
[2562]
[4925]
[4926]
[6856]
[6857]
[8988]
[8987]
[22332]
[9515]
[9514]
[3466]
[3467]
[190]
[222]
[9517]
['']
[4060]
[4061]
[245]
[19546]
[17471]
[19545]
[17470]
[2442]
[2441]
[8068]
[8067]
[14487]
[14488]
[20390]
[288]
[287]
[19548]
[19547]
[1384]
['']
[22336]
[3889]
[8070]
[3890]
[309]
[14767]
[1385]
[14768]
[1440]
[3460]
[3459]
[10343]
[10344]
[14753]
[14750]
[279]
[286]
[18166]
[18165]
['']
[7055]
[179]
[8071]
[8072]
[206]
[14485]
[14486]
[1364]
[1363]
[14484]
[14483]
[14817]
[1508]
[1509]
[14810]
[6041]
[6040]
[8989]
[8990]
['']
[1689]
[1837]
[1842]
[8073]
[8074]
[901]
[365]
[18479]
[1742]
[941]
[5742]
[521]
[2981]
[7440]
[8078]
[1500]
[881]
[21406]
[17695]
['']
[17473]
[17423]
[17230]
[8081]
[13745]
[15190]
[2045]
[3718]
[7326]
[666]
[5540]
[3007]
[16373]
[7448]
[1713]
[369]
[1714]
[9054]
[931]
['']
[1012]
[2046]
[3717]
[20830]
[20831]
[8771]
[8943]
[9611]
[8942]
[19921]
[19553]
[13089]
[19047]
[11717]
[14745]
[2301]
[2300]
[19065]
[932]
['', 270]
[3716]
[1356]
[1357]
[1627]
[1647]
[19832]
[7229]
[21943]
[21929]
[6818]
[2545]
[3715]
[18135]
[19556]
[19557]
[19558]
[18258]
[17704]
[18257]
['']
[17705]
[21433]
[15548]
[21366]
[15549]
[15547]
[14614]
[21698]
[21845]
[21846]
[21163]
[21002]
[20832]
[21809]
[19562]
[20365]
[19561]
[21119]
[20366]
['']
[20368]
[22288]
[22628]
[18752]
[18338]
[18352]
[17479]
[202]
[6074]
[13167]
[17977]
[17998]
[18389]
[18127]
[18126]
[15506]
[20833]
[17057]
[20834]
['']
[21699]
[21848]
[21849]
[21434]
[16018]
[20835]
[19564]
[19565]
[19563]
[19566]
[164]
[17483]
[16664]
[10323]
[8954]
[15437]
[15768]
[13714]
[13708]
['']
[2313]
[10347]
[10346]
[19106]
[13237]
[9989]
[13763]
[1595]
[127]
[1341]
[1718]
[51]
[1751]
[1637]
[1502]
[1712]
[1436]
[1504]
[1430]
['']
[1028]
[6060]
[1787]
[6011]
[998]
[19418]
[6059]
[2844]
[7249]
[5064]
[7274]
[8104]
[5993]
[7218]
[8106]
[8924]
[9719]
[10351]
[10350]
['']
[15454]
[15724]
[17229]
[15453]
[9825]
[9049]
[10352]
[8945]
[9128]
[12309]
[12977]
[2960]
[2209]
[9036]
[20318]
[4620]
[6647]
[2189]
[8929]
['']
[18299]
[18141]
[18048]
[2976]
[6497]
[18484]
[19569]
[18425]
[19572]
[19571]
[18427]
[21394]
[21018]
[21395]
[18684]
[18308]
[17756]
[18335]
[21121]
['']
[22437]
[19924]
[1120]
[5847]
[18500]
[18460]
[22415]
[22487]
[22008]
[18036]
[16670]
[16279]
[16275]
[21067]
[22534]
[19576]
[15365]
[16362]
[15502]
['']
[17491]
[16278]
[17958]
[21788]
[23457]
[6812]
[6093]
[17494]
[22985]
[14315]
[9919]
[22506]
[11418]
[11301]
[12199]
[9920]
[12452]
[3711]
[3712]
['']
[3714]
[9236]
[2048]
[5074]
[9131]
[13307]
[1159]
[304]
[18833]
[5073]
[13495]
[52]
[8113]
[6282]
[8112]
[18698]
[18697]
[19866]
[21341]
['']
[176]
[204]
[752]
[7522]
[1247]
[1501]
[882]
[2318, 323]
[19580]
[22197]
[22307]
[19582]
[20409, 328]
[19581]
[20933]
[20836]
[2916]
[1512, 37]
[2049, 37]
['']
[940]
[1576]
[19584]
[19120]
[19585]
[6678]
[20931]
[8115]
[8116]
[11843, 315, 317, 319]
[18309, 318, 255, 269, 273]
[1866]
[6866]
[6867]
[8122]
[22337]
[18259, 255]
[5381]
[18260]
['']
[5237]
[18860, 269]
[7024, 269]
[7040, 269]
[6442, 269]
[7276, 269]
[7275, 269]
[6651]
[8118]
[8117, 269]
[9166]
[9524]
[9229]
[20527]
[20837]
[20528]
[22696]
[20838]
[18510]
['']
[19586]
[19587]
[19588]
[18509]
[9704]
[10357]
[3707]
[9153]
[5257]
[6863]
[22299]
[17950]
[16413]
[16412]
[18688]
[18879]
[18691]
[18693]
[18880]
['']
[18695]
[18882]
[18824]
[18826]
[20915]
[8126]
[7243]
[21245]
[21254]
[21255]
[21019]
[20547]
[3705]
[9283]
[8130]
[20369]
[6007]
[23019]
[20678]
['']
[21036]
[22801]
[16310]
[16302]
[2557]
[20839]
[20840]
[21618]
[22814, 238, 255]
[947]
[19099, 311]
[18467]
[10639]
[20488]
[948]
[3896]
[14451]
[14467]
[18953]
['']
[18501]
[20489]
[2547]
[1757]
[1848]
[18502, 255]
[3858, 255]
[3100]
[20490]
[6215]
[5397]
[19590]
[7484]
[6841]
[8131]
[8132]
[13004]
[9815]
[6361]
['']
[17501]
[17655]
[18878]
[20818]
[20819]
[20820]
[19591]
[20320, 323]
[18468, 238, 318, 255, 269]
[987]
[20040]
[20615]
[2050]
[5741]
[19023]
[21600]
[3909]
[1135]
[6141]
['']
[1790]
[18442]
[20041, 238]
[2927, 238]
[1906]
[18443]
[22338]
[19592, 255]
[3440, 255]
[2970]
[19593]
[5241]
[4054, 269]
[7034, 269]
[7041, 269]
[6037]
[20585]
[8133]
[7046]
['']
[8135]
[8134]
[8136]
[9525]
[9527]
[9526]
[9102]
[16266]
[16258]
[820, 251]
[915]
[15313]
[10358]
[9921]
[13780]
[13782]
[2525]
[8138]
[569]
['']
[13510]
[1185]
[1322]
[1323]
[1256]
[6207]
[3942]
[3910]
[3911]
[21469]
[3912]
[21443]
[13605]
[440]
[23530]
[14955]
[13432]
[12761]
[13191]
['']
[13002]
[9974]
[9176]
[9183]
[6063]
[20841, 315, 317, 311]
[16451, 310, 302]
[9922, 238, 318, 255, 269, 273]
[753]
[13315]
[18899, 273]
[8140]
[1066]
[15094]
[14466]
[10360]
[10362]
[10361]
[14462]
['']
[12991]
[15095]
[22339]
[22340]
[22341]
[22817]
[22818]
[19597]
[19596, 273]
[9720]
[15943]
[3829]
[3112]
[3134]
[8142]
[8143]
[9530]
[9284]
[1260]
['']
[17504]
[17503]
[4607]
[4597]
[17506]
[1417]
[6660]
[6661]
[18717]
[1446]
[9216]
[18380]
[18718]
[1888]
[11467]
[1645]
[9532, 238]
[2706, 238]
[1901, 255]
['', 255]
[2705]
[5063]
[4031, 269]
[6832, 269]
[6850, 269]
[6223, 269]
[7293, 269]
[7253, 269]
[6438]
[367]
[352]
[2534]
[20639]
[21659]
[16166]
[4906, 238]
[1137]
[3438]
[9705]
['']
[17928]
[14612]
[8843]
[8772, 318]
[6988]
[8145]
[19603]
[19602]
[19604]
[3336]
[15214]
[935]
[1549]
[1897]
[3267]
[3412]
[6411]
[5390]
[6457]
['']
[7512, 245]
[729]
[1241]
[993]
[1653, 303, 302, 273, 308, 279]
[7455, 116, 233, 248, 252, 263, 270, 271, 280]
[2055]
[563, 233, 240, 246, 32]
[2053]
[7321]
[1763]
[1764]
[4603]
[7059]
[9535]
[13519]
[14869]
[22342]
[10367]
['']
[2315]
[7236]
[2054]
[1186]
[267]
[9536]
[9538]
[10369]
[13121]
[15092]
[15091]
[18431]
[14418]
[10368]
[9537]
[8149]
[18643, 245, 251]
[788]
[1331]
['']
[1547]
[9682]
[18619]
[18634]
[18641]
[839]
[18652]
[16341, 255, 269]
[2409]
[18673]
[18648]
[18680, 32]
[20024]
[8156]
[9539]
[13775]
[17509]
[17510, 255]
[3449]
['']
[18754]
[5394]
[1410, 251, 299]
[749]
[2281]
[1807]
[1511]
[3704]
[13800]
[13795]
[4941]
[5415]
[13913]
[6236]
[13798]
[13801]
[1166]
[1183]
[183]
['']
[13794]
[13796]
[339]
[13797]
[13793]
[53]
[54]
[253]
[55]
[56]
[302]
[1305]
[1369]
[979]
[1546]
[1667]
[1668]
[2227]
[3257]
['']
[5107]
[1106]
[2720]
[5214]
[5375]
[4021]
[4859]
[950]
[20069]
[9259]
[1883]
[1788]
[3427]
[2571]
[9048]
[22439]
[18780]
[957]
[8852]
['']
[14988]
[19606]
[8853]
[57]
[58]
[20092]
[18884]
[18469]
[18444]
[22507]
[717]
[21399]
[18875]
[18873]
[3302]
[1232]
[1535]
[21435]
[21436]
['']
[20373]
[9034]
[9009]
[15556]
[15555]
[18243]
[6679, 293, 255, 269, 294, 276]
[2504]
[20844, 320, 315, 319]
[16411]
[22648]
[3848]
[19851]
[19609]
[18032]
[14965]
[18026]
[19069]
[6474, 255]
['']
[5236]
[17513]
[18381, 269]
[6826, 269]
[6851]
[7256]
[19610, 276]
[8165]
[19611, 295]
[8166]
[18204]
[6609]
[17512]
[20641]
[20642]
[9139]
[13698]
[18988]
[128]
['']
[1541]
[7517]
[7518]
[5325]
[8168]
[21511]
[8169]
[1187]
[8774]
[14047]
[21020]
[22649]
[22824]
[787]
[9277]
[14721]
[8170]
[8171]
[9217]
['']
[8851]
[14712]
[14704]
[5092]
[14714]
[5411]
[6047]
[14709]
[6447]
[7026]
[7476]
[13568]
[13567]
[13566]
[846]
[6579]
[13497]
[20617, 323]
[19614, 255]
['', 255]
[3109]
[5813]
[2056]
[3303]
[2784]
[1658]
[5812]
[18477]
[19615]
[17658]
[11139]
[6421]
[3304]
[1090]
[13602]
[15490, 154]
[6680, 154]
[2057, 154]
[3900]
['']
[19617]
[2062]
[17926]
[18859, 319]
[18681, 319]
[19080]
[18741]
[19618]
[19105, 319]
[19032]
[18815]
[19201, 319]
[19030]
[9797]
[13766]
[9929, 273]
[9174]
[921]
[1536]
['']
[10168]
[13302]
[3872]
[10171]
[12589]
[13040]
[2058]
[18070]
[14552]
[15770]
[10384]
[19621]
[17515]
[17663]
[9546]
[10386]
[18610]
[8425]
[10387]
['']
[17921]
[18266]
[18622]
[18730]
[18629]
[18636]
[18265]
[2059]
[2431]
[2702]
[3699]
[3700]
[3701]
[3702]
[3703]
[20845]
[20846]
[20847]
[8187]
['']
[2912]
[4070]
[8082]
[10388]
[9055]
[59]
[60]
[61, 116, 258, 151, 270, 271]
[2271]
[20403, 37]
[2060]
[171]
[23101]
[12205]
[11651]
[9853]
[9845]
[7014]
[20427]
['']
[20970]
[20965]
[20985]
[20962]
[20978]
[20967]
[20964]
[20980]
[20969]
[20984]
[20961]
[20982]
[20977]
[20966]
[20986]
[20963]
[20979]
[20968]
[20983]
['', 323]
[19625]
[1111]
[20321]
[7461]
[9775]
[21131]
[15297]
[20672]
[19626]
[22671]
[21122]
[12821]
[20674]
[13115]
[21123]
[21124]
[22440]
[864, 252]
[15186]
['']
[9547]
[13467]
[3288]
[5245]
[4010]
[5806]
[1467]
[781]
[1284]
[796]
[12574]
[19243]
[9073]
[20044]
[13268]
[3846]
[22650]
[2540]
[20045]
['']
[2229]
[6423]
[11790]
[19627]
[1344]
[1405]
[14950]
[1472]
[1473]
[16392]
[17533]
[18552]
[18328]
[14954]
[14952]
[14953]
[1841]
[4497]
[8190]
['']
[23102]
[14331]
[9309]
[7307]
[1930]
[7431]
[7217]
[13064]
[8191, 327]
[19631]
[9798]
[22535]
[22536]
[23297]
[5265]
[4934]
[9007]
[18237]
[18236]
['']
[1155]
[1630]
[698]
[8776]
[436, 318]
[6601]
[5263, 154]
[6681]
[3698]
[22665]
[821]
[20020]
[9064]
[8197]
[6242]
[3697]
[5379]
[2914]
[18521]
['']
[5042]
[1554]
[6022]
[18558]
[1210]
[1665]
[1306]
[15264]
[2222]
[1361]
[3878]
[1463]
[7505]
[1602]
[13838]
[15332]
[1666]
[15267]
[1957]
['']
[4044]
[6393]
[9310]
[6009]
[1786]
[8199]
[6823]
[11804]
[8200]
[20848]
[21518]
[21533]
[21810]
[22012]
[23383]
[9932]
[8202]
[8201]
[10394]
['']
[1868]
[2942]
[6871]
[1033]
[191]
[19748]
[213]
[3305]
[269]
[290]
[296]
[863]
[1466]
[21346, 116]
[5860, 238, 255, 269, 277]
[1112]
[6131]
[21125]
[5412, 238]
['', 238]
[1984, 255]
[4040, 255]
[3128]
[5238]
[4580]
[7019]
[6443, 269]
[7479, 269]
[7488, 269]
[6839]
[62]
[63]
[148]
[64]
[6244]
[3696]
[21486]
[1171]
[13835]
['']
[4485]
[14277]
[8195]
[8194]
[9553]
[9129]
[18707]
[17536]
[3838]
[6896]
[8857]
[8204]
[8205]
[9551]
[11432]
[10740]
[10397]
[10396]
[10398]
['']
[17535]
[841]
[1309]
[968]
[23404]
[815]
[723]
[316]
[707]
[18071]
[849]
[1778]
[6300]
[8953]
[16693]
[8211]
[7292]
[7301]
[5419]
['']
[5418]
[1034]
[8212]
[8991]
[12550]
[10400]
[9555]
[10399]
[14435]
[13119]
[14416]
[13427]
[20591]
[20549, 116, 253, 29, 270]
[3695]
[15417]
[20086]
[7241]
[20021]
['']
[2988]
[10401]
[10303, 295]
[9557, 295]
[9088]
[18845, 295]
[9052, 295]
[9053, 295]
[9252]
[9030]
[15063]
[15029]
[11151]
[2511]
[1974]
[3116]
[1981]
[4063]
[4062]
['']
[17113]
[16245]
[17802]
[11925]
[20261]
[20262]
[22976]
[20849]
[20850]
[9805]
[19633]
[19634]
[18789]
[18441]
[18561]
[18562]
[18563]
[18564]
[18565]
['']
[18567]
[18568]
[8217]
[7391]
[22174]
[19062]
[15721]
[15488]
[22651]
[22718, 311]
[18806]
[6257]
[20493]
[21756]
[20494]
[20495]
[17538]
[18807]
[19636]
['']
[19637]
[23384]
[14356]
[14357]
[18049]
[18056]
[681]
[1465]
[1195]
[19638]
[23026]
[6606]
[19416]
[843]
[2584]
[5338]
[23461]
[1874]
[743]
['']
[10405]
[327]
[1822]
[1228]
[22509]
[1972]
[1428]
[22510]
[1445]
[22837]
[1604]
[1631]
[1903]
[14077]
[8222]
[8223]
[22508]
[20322]
[6461]
['']
[4923]
[7074]
[8228]
[7017]
[14050]
[9218]
[9562]
[9563]
[8226]
[9565]
[14075]
[8780]
[9567]
[14053]
[8229]
[6469]
[8230]
[8781]
[14055]
['']
[8231]
[18072]
[18044]
[18329]
[18302]
[14049]
[9042]
[9168]
[9568]
[8782]
[14048]
[13552]
[13555]
[13744]
[8821]
[14622]
[19639]
[20393]
[18027]
['']
[19640]
[19641]
[11000]
[23385]
[17978]
[20916]
[8233]
[934]
[770]
[19203]
[1281]
[1024]
[23001]
[18804, 311]
[18803]
[8937]
[8237]
[2291]
[17539]
['']
[18384]
[18383]
[17541]
[17540]
[17543]
[18719]
[18720]
[14422]
[12212]
[17544]
[21449]
[17733]
[15298]
[17124]
[15326]
[15324]
[17546]
[17545, 321]
[18889]
['']
[20338]
[20855]
[20856]
[22000]
[1450]
[18480, 279]
[9851, 310, 302]
[9799, 311]
[18818, 315]
[17547]
[13735]
[15043]
[15041]
[15045]
[18820]
[10410]
[17548]
[10412]
[10411]
['']
[18821]
[19644]
[17930]
[15042]
[15046]
[10409]
[13151]
[20374]
[23020]
[23165]
[23462]
[23022]
[23103]
[23104]
[23079]
[23046, 269]
[4423, 269]
[10996, 269]
[6637]
['']
[6994]
[5537]
[5266]
[3933]
[6580]
[5104, 269]
[4017, 269]
[5362, 269]
[6848, 269]
[6615, 318, 269]
[6391, 269]
[6636, 269]
[4886, 269]
[6847, 269]
[5213, 269]
[6646, 269]
[5109, 269]
[6827, 269]
[7031, 269]
['', 269]
[7027, 318, 269]
[8249, 269]
[5046, 269]
[6843, 269]
[7032, 269]
[4619, 269]
[7044, 269]
[5370, 269]
[6819, 269]
[6640, 269, 276]
[6595, 269]
[7042, 269]
[5050, 269]
[7036, 269]
[5364]
[16283]
[16288]
[418]
[1191]
['']
[1551]
[15440]
[883, 318, 287]
[6796]
[23047]
[7076]
[8254]
[8253]
[9219]
[9571]
[9572]
[10414]
[10415]
[10417]
[10416]
[13145]
[14624]
[19646, 270]
[6453, 270]
['', 270]
[6453, 270]
[2063, 270]
[1582]
[20324]
[14769]
[20325, 323]
[19649]
[5538, 271]
[3694]
[14707, 271]
[6838, 271]
[6860, 323]
[20605]
[20858, 270]
[6232, 323]
[19655]
[21811]
[21326]
[20550, 323]
['']
[21279]
[21234, 323]
[19657, 251]
[920]
[22964]
[13489]
[21450]
[19135]
[722]
[2203]
[1956]
[1803]
[9800]
[10419]
[13811]
[480]
[956]
[990]
[328]
['']
[1610]
[845]
[2066]
[65, 273]
[12348]
[6065]
[6066]
[1447]
[6067]
[8257]
[6068]
[6069]
[20107]
[2440]
[2067]
[6683]
[18078, 59]
[9934]
[10421]
['']
[10422, 59]
[10922]
[14441]
[12944, 59]
[11285]
[12171]
[10112, 59]
[12206, 59]
[11291, 59]
[11288, 59]
[11712, 59]
[10913]
[14439, 59]
[11287]
[12950]
[12939]
[14429]
[13144]
[13252]
['']
[186]
[9041]
[21347]
[21349]
[3864]
[1172]
[554]
[3693]
[1640]
[2643]
[13209]
[15731]
[18472, 238, 269]
[886]
[731]
[18847]
[18846]
[18699]
[18546]
['']
[18447]
[1239]
[18448]
[1336]
[1515]
[1896]
[2935]
[5389]
[7020, 269]
[7255, 269]
[8259]
[8260]
[6355]
[4938]
[11799]
[15438]
[10617]
[19608, 273]
[9576, 273]
['', 273]
[9117]
[9328]
[9191, 273]
[9388, 273]
[9371]
[21461, 273]
[9749, 273]
[10121, 273]
[9416, 273]
[9580, 273]
[9184, 273]
[9753, 273]
[10355, 273]
[9522, 273]
[9531, 273]
[10365, 273]
[9757, 273]
[9761, 273]
[9195, 273]
['', 273]
[9578, 273]
[10424, 273]
[9582, 273]
[9765]
[9312]
[13754]
[13759]
[2938]
[1134]
[20499]
[19663]
[19661]
[19662]
[20500]
[20501]
[22838]
[16367, 116, 235, 253, 29]
[2288]
[20502]
['']
[20502]
[13922, 116, 235, 253, 29]
[2288]
[19005]
[17551]
[20394]
[23053]
[18432]
[2252]
[2253]
[332]
[18261]
[18262]
[19664]
[20503]
[21039]
[13921]
[16433]
[3064]
['']
[15146]
[1680]
[5222]
[2353]
[3126]
[14643]
[14644]
[13850]
[13882]
[5752, 318]
[7206]
[3691]
[1734]
[7588]
[19667]
[6844]
[5209, 269]
[5211]
[19668]
['']
[9827]
[22202]
[22207]
[22206]
[22538]
[3692]
[22441]
[19223]
[22490]
[8901]
[8939]
[5002]
[980]
[22932]
[21126]
[15725]
[15435]
[15430]
[16715]
['']
[11029]
[9801]
[13446]
[14868, 234]
[556]
[2292]
[19002]
[2986]
[21740]
[311]
[1193]
[1380]
[1382]
[1629]
[263]
[2293]
[876]
[1483]
[15944]
['']
[11664]
[9856]
[3689]
[1738]
[1739]
[1681]
[2711]
[3117]
[322]
[6633]
[8297]
[9683]
[1406]
[1407]
[1580]
[1672]
[1749]
[1750]
[1968]
['']
[10018]
[12595]
[19670]
[20505]
[21441]
[19671]
[22351]
[20506]
[20507]
[22124]
[9937]
[20269]
[13778, 305]
[14698]
[14111, 305]
[14107]
[15375, 305]
[14778, 305]
[13879]
['', 305]
[15283, 305]
[15272, 305]
[14700, 305]
[14655]
[20326, 29, 151, 154]
[2069]
[20508]
[1031]
[13693]
[6958]
[14873]
[8823]
[11652]
[19677]
[19234]
[19676]
[3688]
[8298, 321]
[18891]
['']
[2070, 321]
[18891]
[17938]
[20022]
[22470]
[19678]
[7298]
[18028]
[18870]
[20512]
[20513]
[22126]
[18863]
[1226]
[706]
[2990]
[1127]
[5470]
[2235]
['']
[2951]
[8347]
[325]
[6451]
[4956]
[8300]
[23445]
[13719]
[18144]
[18143]
[23054]
[2416]
[1870]
[982]
[1129]
[1091]
[2948]
[5802]
[5472]
['']
[18303]
[7500]
[6877]
[5414]
[192]
[129]
[66]
[285]
[264]
[969]
[5347]
[1927]
[1633]
[5410]
[1783]
[2230]
[2944]
[7075]
[7023]
['']
[2917, 151]
[1169]
[18050]
[18051]
[8303]
[3435]
[2238]
[6343]
[7511]
[9040]
[15284]
[8304]
[9593]
[9133]
[1939]
[13694]
[1063]
[19031]
[21741]
['']
[891]
[1366]
[14120]
[711, 151]
[13695]
[1769]
[1979]
[1590]
[1326]
[23055]
[13669]
[13328]
[15218]
[6959]
[2071]
[67]
[68]
[69]
[3133]
['']
[529]
[1179]
[1953]
[3687]
[19679]
[19680]
[20514]
[333]
[695]
[736]
[1299]
[23105]
[9939]
[10435]
[2689]
[2690]
[10436]
[858]
[1456]
['']
[5787]
[4064]
[23408]
[17969]
[10446]
[12997]
[8327]
[8326]
[9237]
[14607]
[6048]
[14078]
[6659]
[14640]
[8332]
[8331]
[13168]
[9285]
[2975]
['']
[3882]
[9938]
[15124]
[13996]
[19682]
[19683]
[18073]
[10447]
[18280]
[1921]
[2072]
[170]
[6458]
[6002]
[5217]
[21643]
[21396]
[23081]
[4126]
['']
[6026]
[4921]
[6433]
[5243]
[6842]
[6878]
[1525]
[913]
[14723]
[16384]
[21812]
[8337]
[7039]
[14927]
[14929]
[14735]
[6684]
[7487]
[8338]
['']
[1845]
[1844]
[9091]
[9090]
[9092]
[16251]
[16250]
[8336]
[8335]
[14930]
[14924]
[1351]
[8339]
[7510]
[6540]
[20406]
[8341]
[8340]
[22013]
['']
[21689]
[9271]
[9599]
[9601]
[9600]
[10441]
[10440]
[11789]
[23273]
[13505]
[22630, 251]
[875]
[14870]
[1392]
[826]
[9377]
[7258]
[6234]
[5821]
['', 258]
[5423, 258]
[1810]
[1831]
[3686]
[17979]
[14928]
[14931]
[17980]
[14772]
[8944]
[12990]
[21778]
[21779]
[20509]
[20510]
[8344]
[6634]
[13721]
[10443]
['']
[4065]
[5391]
[4039]
[5473]
[14736]
[9726]
[10444]
[10445]
[130]
[3681]
[9602]
[8785]
[852]
[4041]
[1954]
[9603]
[9220]
[131]
[3682]
['']
[14996]
[14995]
[1920]
[14642]
[14641]
[8345]
[8346]
[1330]
[14976]
[13016]
[15741]
[15183]
[14464]
[7281]
[3306]
[3248]
[5474]
[21742]
[22661]
['']
[18190]
[18433]
[13518]
[13773]
[15066]
[15450]
[16291]
[22184]
[9286]
[22343]
[9816]
[22344]
[12610]
[22345]
[12598]
[70]
[17552]
[14317]
[14316]
['']
[13015]
[14463]
[18004]
[10438]
[9596]
[10439]
[13425]
[9594]
[10437]
[9595]
[21780]
[23056]
[13884]
[14123]
[14874]
[13511]
[1490]
[1759]
[2312]
['']
[9604]
[10453]
[9302]
[8328]
[7394]
[14124]
[21438]
[8356]
[8357]
[15128]
[14925]
[14926]
[23127]
[13548]
[13532]
[3360]
[6010]
[13862]
[162]
['']
[16262]
[16264, 321]
[18892, 323]
[19685]
[18785]
[18786, 321]
[18893]
[20328]
[2073]
[7119]
[20618, 321]
[18894]
[6893]
[9111]
[9605]
[10456]
[18755]
[18756]
[9819]
['']
[1886]
[1638]
[20593]
[20594]
[22289]
[21439]
[21280]
[21442]
[20861]
[3683]
[13918]
[20862]
[20863]
[21611]
[21128]
[9972]
[16339]
[20329]
[19689]
['']
[2074]
[20517]
[5208]
[17894]
[1160]
[944]
[11609]
[11606]
[21462]
[20518]
[1791]
[20519]
[22127]
[8363]
[1715]
[3684]
[2554]
[1136]
[3685]
['']
[7009]
[1051]
[1049]
[1052]
[1048]
[1050]
[1904]
[21143]
[2075]
[1819]
[21644]
[21022]
[9096]
[9221]
[9745]
[11436]
[20110, 327]
[19242]
[20109]
['']
[20111]
[22539]
[20928]
[20113]
[20114]
[20115]
[20116]
[20117]
[20118]
[19693]
[21747]
[19694]
[21748]
[19695]
[19696]
[22354]
[19698]
[22511]
[19699]
['']
[21757]
[21749]
[23057]
[21129]
[22356]
[19822]
[20119]
[20252]
[19690]
[22353]
[19691]
[20520]
[20521]
[20253]
[20120]
[20121]
[20122]
[20123]
[20124]
['']
[20126]
[20127]
[20128]
[20129]
[20130]
[20131]
[20132]
[20133]
[19710]
[20134]
[20135]
[20136]
[20137]
[20138]
[20139]
[20140]
[20141]
[20142]
[20254]
['']
[20144]
[20145]
[21484]
[20146]
[20147]
[20874]
[19703]
[20148]
[20149]
[20150]
[20151]
[21813]
[19704]
[20523]
[20524]
[20152]
[20153]
[20154]
[20155]
['']
[23417]
[23106]
[20156]
[20158]
[20157]
[21023]
[20159]
[20160]
[23113]
[20161]
[20162]
[20163]
[20164]
[20165]
[20166]
[21645]
[20167]
[20168]
[22347]
['']
[21130]
[20170]
[19702]
[19701]
[19714]
[20171]
[20172]
[19712]
[20173]
[20174]
[20175]
[20176]
[20177]
[20178]
[20179]
[20180]
[20181]
[20182]
[20183]
['']
[20185]
[20186]
[20187]
[20188]
[20189]
[20190]
[20191]
[20192]
[19706]
[21758]
[21759]
[19487]
[20581]
[20193]
[20194]
[20195]
[20196]
[20197]
[20198]
['']
[19708]
[20200]
[20201]
[20202]
[20203]
[23287]
[20204]
[20877]
[20205]
[23107]
[21132]
[21133]
[19713]
[20206]
[20207]
[20208]
[20209]
[20210]
[20211]
['']
[20213]
[20214]
[20215]
[20216]
[20217]
[23288]
[23082]
[20218]
[20219]
[20220]
[20221]
[20222]
[20223]
[20224]
[20225]
[20226]
[20227]
[20228]
[20229]
['']
[20231]
[20232]
[20233]
[20234]
[20235]
[19716]
[20236]
[21475]
[21493]
[20237]
[20238]
[20239]
[20240]
[20242]
[20243]
[19723]
[19720]
[19722]
[19719]
['']
[19720]
[23049]
[20244]
[20245]
[20930]
[19700]
[20246]
[20247]
[20248]
[20249]
[20250]
[20619]
[22652]
[20094, 323]
[20093]
[23048]
[18775]
[22850]
[18685]
['']
[18045]
[18613]
[20869]
[20870]
[708]
[16352]
[19048]
[8572]
[9606]
[71]
[3677]
[3678]
[565]
[3679]
[3680]
[9320]
[8366]
[10459]
[7050]
['']
[13192]
[9941]
[10461]
[10460]
[1258]
[779, 311]
[19046]
[22904]
[357]
[3430]
[3307]
[1847]
[1792]
[19724]
[19726]
[1455]
[854]
[9011]
[793]
['']
[5849]
[5851]
[8098]
[9260]
[2076]
[9609]
[5850]
[5853]
[10463]
[9943]
[5854]
[10464]
[5855]
[5856]
[1343]
[9610]
[16255]
[15621]
[15615]
['']
[17927, 255]
[2415]
[2989]
[18811]
[2077]
[7225, 255]
[3875]
[8373]
[8372]
[5603]
[9193]
[14057]
[14058]
[6495]
[13747]
[13806]
[8089]
[6581]
[13591]
['']
[13063]
[13807]
[3674]
[1857]
[3853]
[16274]
[16285]
[13240]
[16311]
[18796]
[18238]
[18239]
[16307, 320]
[19164]
[19732]
[19729]
[19730]
[18611, 314, 321]
[17554]
['']
[17897, 315]
[18102]
[18487]
[18403]
[17331]
[16260]
[18103]
[17999]
[18000]
[17555]
[17556]
[17895]
[17896]
[18100]
[18101]
[13310]
[631]
[13269]
[13890]
['']
[305]
[1740]
[1243]
[1255]
[11020]
[6868]
[13549]
[8374]
[11018]
[8375]
[1599]
[942]
[8376]
[943]
[1601]
[7285]
[10974]
[18896]
[8826]
['']
[11659]
[13908]
[16290, 227]
[3676, 227]
[3675]
[2079]
[861]
[890]
[2080]
[11605]
[13213]
[12839]
[5072]
[2673]
[8387]
[7369]
[22653]
[548]
[19009]
['']
[16792]
[2081]
[18810]
[17661]
[17676, 294]
[9946]
[22854]
[3308]
[340]
[1307]
[19734]
[19227]
[19211]
[19049]
[19926]
[20525]
[17981]
[17982]
[19738]
['']
[17898]
[13608]
[7594]
[16415]
[21694]
[5745]
[21407]
[18504]
[21487]
[22457]
[17563]
[17564]
[18503]
[20437]
[20438]
[20439]
[20440]
[22966]
[19354]
['']
[15759]
[15750]
[19743]
[19742]
[8849]
[3673]
[3672]
[3669]
[3670]
[3671]
[3668]
[20545]
[22654]
[22857]
[23028]
[14637]
[14638]
[7164]
[17662]
['']
[498]
[22292]
[19744]
[19745]
[18088]
[18089]
[2569]
[165]
[7464]
[4927]
[4933]
[20357]
[20358]
[4594]
[4560]
[4593]
[8992]
[9303]
[12877]
['']
[6674]
[6214]
[4006]
[2598]
[9188]
[9616]
[1938]
[3256]
[8476]
[8388]
[10469]
[19746]
[22187]
[6480]
[6479]
[10470]
[8395]
[9619]
[22551, 302, 309]
['']
[15239]
[15543]
[13750]
[15209]
[15178]
[17566]
[17567]
[14076]
[15172]
[15173]
[14329]
[18105]
[18104]
[16368]
[9322]
[12577]
[9222]
[8397, 255]
[2537, 255]
['']
[5240, 251]
[674]
[1192]
[1259, 251]
[952]
[20879]
[14019, 323]
[18572]
[15265]
[22459]
[15445]
[14837]
[18573]
[20880]
[14838]
[2065]
[8904]
[10558]
[9730]
['']
[3309]
[15769]
[10471]
[14781]
[6715]
[6064]
[8401]
[10480]
[10477]
[10475]
[6962]
[8405]
[5754]
[10473]
[10476]
[9948]
[9947]
[10474]
[10479]
['']
[9621]
[9949]
[10478]
[20251]
[17959]
[20047]
[17960]
[19749]
[10978, 294]
[9950, 294]
[13604, 294]
[9803]
[916, 270, 271]
[3667]
[1531]
[10482]
[20614]
[20578]
[20579]
['']
[9818]
[8422]
[7399]
[3194]
[10483]
[13443]
[13442]
[13445]
[10484]
[5416]
[10485]
[15459]
[9337]
[18523]
[334]
[20620]
[19750]
[21359]
[21745]
['']
[19751]
[22359]
[19752]
[20597]
[20598]
[22291]
[21490]
[18062]
[20396]
[21025]
[21453]
[18061]
[20395]
[19029]
[19755]
[19756]
[19757]
[22658]
[22881]
['']
[22655]
[6314]
[6278]
[7018]
[7029]
[13613]
[5071]
[3066]
[14814]
[3666]
[13469]
[14883]
[1608]
[2082]
[14363]
[14361]
[8192]
[8193]
[14310]
['', 273]
[2473, 116, 235, 246, 263, 270, 271]
[2083]
[19759, 234, 37]
[581]
[8429]
[23467]
[11982]
[18530]
[9731, 233]
[2978]
[12876]
[19762]
[22503]
[3766]
[9272]
[8434]
[11450]
[10489]
[5221]
['']
[8918]
[7473]
[9623]
[9223]
[21677]
[14915]
[9144]
[17818]
[10491]
[17816]
[11971]
[17815]
[10492]
[17817]
[21242]
[18183]
[23289]
[22348]
[18150]
['']
[18093]
[22898]
[13601]
[6407]
[15081]
[223]
[319]
[9357]
[13889]
[9953]
[13554]
[10503]
[1225]
[6450]
[7480]
[8436]
[2716]
[3451]
[132]
['']
[19761]
[19760]
[173]
[335]
[1295]
[133]
[134]
[11977]
[10493]
[17880]
[14452]
[10497]
[10499]
[8443]
[4463]
[7271]
[12281]
[8445]
[8446]
['']
[12850]
[1561]
[1785]
[938]
[18781]
[9065]
[12947]
[10705]
[12037]
[16729]
[18409]
[17570]
[17569]
[17571]
[17572]
[18041]
[18042]
[18721]
[12845]
['']
[17738]
[12147]
[9954]
[10505]
[9817]
[12846]
[6172]
[13810]
[11990]
[5049]
[17573]
[10507]
[680]
[1194]
[1339]
[12844]
[15246]
[9169]
[9170]
['']
[12948]
[12943]
[11978]
[15312]
[15328]
[1833]
[1912]
[19768]
[17574]
[10504]
[11974]
[11966]
[11793]
[8454]
[14453]
[18005]
[14473]
[14472]
[13623]
['']
[13720]
[5983]
[533]
[297]
[12349]
[8484]
[13764]
[11981]
[17916, 323]
[19765]
[20330]
[14421, 315]
[17154]
[20884, 37]
[2296, 238, 318, 302, 255, 269, 59, 273]
[18527]
[18156]
[18473]
[14741, 255]
['', 255]
[2945]
[6216]
[5392]
[13490]
[21165]
[21514]
[14875]
[2712]
[1873]
[17577]
[20885]
[20886]
[17575]
[17576]
[18404]
[18405]
[256]
[3085]
[8459]
['']
[10509]
[10508]
[2542]
[13852]
[2427]
[3847]
[15179]
[4896]
[15171]
[13143]
[8457]
[9627]
[13128]
[12578]
[22698]
[9171]
[21702]
[21703]
[21704]
['']
[21706]
[21707]
[21708]
[21709]
[21710]
[21711]
[21712]
[21713]
[21714]
[21715]
[8464]
[7220]
[8466]
[8467]
[772]
[2084]
[5270]
[6024]
[6058]
['']
[8492]
[10511]
[10512, 302]
[14153]
[11439]
[10970]
[11671]
[8184]
[2297]
[889]
[1522]
[6825]
[9956]
[13308]
[13195]
[13802]
[634]
[14468]
[5192]
['']
[20049]
[22214]
[22215]
[20050]
[20887]
[21716]
[20051]
[21717]
[21257]
[22217]
[21282]
[21258]
[21259]
[21260]
[22218]
[21718]
[21261]
[20052]
[20053]
['']
[21720]
[20054]
[22222]
[20055]
[20888]
[20056]
[20057]
[21721]
[20917]
[21722]
[21723]
[21724]
[21262]
[21263]
[20918]
[21283]
[21264]
[21725]
[2577]
['']
[3662]
[72]
[22656]
[469]
[1173]
[261]
[1673]
[1824]
[5994]
[1156]
[8845]
[8498]
[10520]
[8499]
[10521]
[9867]
[10523]
[12615]
[14423]
['']
[10524]
[9632]
[13189]
[14372]
[13181]
[13311]
[15560]
[17697]
[17578]
[9958]
[15231]
[10526]
[9633]
[9196]
[14937]
[15185]
[14068]
[16739]
[17579]
['']
[10519]
[9631]
[9957]
[10634]
[9026]
[13545]
[10533]
[13932]
[10532]
[13831]
[8509]
[13952]
[17581]
[17584]
[14320]
[14321]
[15162]
[16123]
[16124]
['']
[15607]
[8511]
[10534]
[14646]
[13155]
[15163]
[14413]
[15418]
[14648]
[14805]
[8510]
[11272]
[12942]
[14304]
[13936]
[14319]
[14318]
[17585]
[15608]
['']
[17740]
[17739]
[8790]
[8512]
[10537]
[13108]
[15089]
[15087]
[15086]
[17587]
[17588]
[10540]
[15609]
[15088]
[15384]
[10538]
[73]
[2298]
[767]
['']
[20331, 323]
[19658]
[759]
[14807]
[702]
[1056]
[13885]
[1245]
[5077]
[6019]
[1212]
[1211]
[1690]
[1244]
[2438]
[1272]
[3129]
[1415]
[5815]
['']
[8519]
[1660]
[1892]
[2433]
[3271]
[5743]
[1030]
[18474]
[18511]
[1409]
[1273]
[7501]
[2223]
[14046]
[14062]
[5989]
[6222]
[4473]
[4900]
['']
[761]
[4590]
[3179]
[4569]
[7242]
[5248]
[6039]
[5408]
[5247]
[6036]
[5404]
[1275]
[363]
[19770]
[5482]
[928]
[135]
[2311]
[1823]
['']
[218]
[250]
[1274]
[760]
[6653]
[5017]
[8527]
[6626]
[1124]
[5762]
[4023]
[838]
[3387]
[419]
[14313]
[466]
[5105]
[17580]
[15494]
['']
[16804]
[22189]
[18336]
[14744]
[16271]
[1296]
[4055]
[22921]
[19771]
[1919]
[7252]
[10981]
[17751]
[20604]
[22869]
[6869]
[1220]
[9638]
[1221]
['']
[1397]
[1425]
[1426]
[1618]
[2692]
[2922]
[3854]
[74]
[8531]
[5400]
[6624]
[8532]
[1162]
[3310]
[1165]
[1188]
[1219]
[152]
[1555]
['']
[1744]
[240]
[1926]
[336]
[3887]
[1190]
[75]
[76]
[77]
[78]
[15572]
[18281]
[1934]
[15717]
[2280]
[7072]
[3130]
[929]
[3255]
['']
[3659]
[14314]
[1022]
[8533]
[474]
[5106]
[1055]
[13887]
[4056]
[19772]
[1758]
[13909]
[2719]
[8946]
[10947]
[1223]
[1408]
[1519]
[1607]
['']
[1663]
[2242]
[3446]
[5232]
[6031]
[1168]
[1189]
[3296]
[1724]
[216]
[1725]
[210]
[2558]
[3312]
[5089]
[1182]
[8536]
[1222]
[79]
['']
[81]
[266]
[82]
[243]
[353]
[1794]
[5744]
[20890]
[664]
[709]
[3095]
[22929]
[1178]
[23108]
[2422]
[3188]
[6460]
[6477]
[6444]
['']
[7465]
[18742]
[1057]
[8539]
[10933]
[14617]
[3086]
[11434]
[1177]
[3313]
[1176]
[20891]
[20892]
[9224]
[7598]
[8542]
[6182]
[6714]
[15374]
['']
[8544]
[6662]
[8545]
[8546]
[8547]
[8548]
[7445]
[8549]
[7490]
[8550, 314]
[17900]
[19773]
[19776]
[20621]
[19775, 314, 320, 311]
[16414]
[17698]
[20934]
[19774]
['']
[17593]
[18205]
[17931]
[17932]
[18513]
[18516]
[18515]
[18514]
[18206]
[19777]
[20599]
[20600]
[21660]
[19780]
[22224]
[22362]
[19781]
[20530]
[22129]
['', 308]
[9976]
[17597]
[18130]
[17599]
[10588]
[17598]
[18410]
[15159]
[15156]
[15154]
[15157]
[15158]
[10587]
[15155]
[13865]
[10585]
[10589]
[14742, 310, 308]
[14914, 116, 318, 248, 249, 302, 251, 252, 37, 299, 263, 154, 270, 271, 279, 280]
['']
[18357, 317, 319, 316]
[17602]
[20612]
[18358]
[13737]
[1302]
[1396]
[1399]
[1413]
[1805]
[5218]
[18531]
[19021]
[6603, 318]
[1119]
[19204]
[16357]
[22014]
[19235]
['']
[19066]
[14902]
[16246]
[14903]
[16247]
[14908]
[1723]
[3094]
[18887]
[20895]
[17603]
[17601]
[14904]
[21455]
[17605]
[17604]
[184]
[14906]
[18525]
['']
[337]
[18359]
[18723]
[1224]
[19783]
[19784]
[149]
[19004]
[13123]
[5759]
[3254]
[8564]
[8566]
[9642]
[8565]
[13837]
[8559]
[7291]
[136]
['']
[2555]
[3426]
[8567]
[20572]
[20573]
[22130]
[10549]
[17804]
[18195]
[11653]
[999]
[3658]
[137]
[1073]
[2552]
[2085]
[1838]
[1914]
[3657]
['']
[2977]
[2087]
[3656]
[17610]
[2088]
[6253]
[21613]
[1756]
[1086]
[13392]
[2979]
[8576]
[9973]
[2089]
[10550]
[13805]
[13784]
[14308]
[14720]
['']
[14109]
[14110]
[14118]
[8577]
[9341]
[9643]
[433, 305]
[13911]
[22657]
[14608]
[13937]
[15338]
[19787]
[19788]
[21744]
[22878]
[338]
[1320]
[15067]
['']
[780]
[1290]
[15591]
[5323]
[8584]
[14035]
[14809]
[14728]
[6685]
[22978]
[22980]
[21456]
[20896]
[20645]
[20646]
[17741]
[22983]
[17612]
[14609]
['']
[23468]
[16374]
[13760]
[15282]
[20352]
[20897]
[19212]
[3655]
[2090]
[20898]
[20899]
[23083]
[1609]
[21930]
[21840]
[9305]
[4005]
[7257]
[6008, 318]
['', 318]
[6410]
[10553]
[8588]
[9261]
[7649, 276]
[8591, 276]
[9093]
[18848, 276]
[6972]
[22461]
[22462, 276]
[6078, 276]
[7081, 276]
[6797, 276]
[7514, 276]
[8238]
[9829, 276]
[8595, 276]
[9033]
['']
[778, 235, 29]
[3654]
[18180, 235]
[6686]
[10764]
[13141]
[6057, 227]
[3635]
[23012]
[543]
[1362]
[9122]
[9334]
[163]
[23421]
[138]
[1478]
[869]
[6196]
['']
[3650]
[3651]
[3652]
[3653]
[3649]
[23029, 116, 252, 258, 151, 271]
[2092]
[9234]
[21743]
[20900]
[20901]
[20902]
[2093, 323]
[19790]
[20903]
[20332]
[20904]
[15270]
[20370]
['']
[7711]
[3630]
[3631, 246]
[3632]
[2094]
[811]
[810]
[807]
[808]
[806]
[809]
[1354]
[6376, 233, 246]
[3648]
[946]
[2095]
[11545]
[13126]
[18819]
['']
[18895]
[18872]
[3084]
[8948]
[1131]
[17666]
[17667]
[3914]
[1442]
[1710]
[3314]
[3280]
[6446]
[8612]
[360]
[8613]
[11552]
[19792]
[21155]
['']
[21152]
[19791]
[21153]
[11549]
[3915]
[8606, 269]
[8610]
[1076]
[6875]
[11541]
[8949]
[13611]
[1074]
[11538]
[8950]
[3916]
[1075]
[1130]
[4592]
['']
[1605]
[7261]
[19622]
[1099]
[2697]
[13589]
[3901]
[7643]
[10091]
[17614]
[17669]
[18709]
[18701, 238]
[1145]
[1047]
[2694]
[517]
[1282]
[6077]
['']
[17194]
[2096, 116, 249, 154]
[2262]
[83]
[8616]
[18517, 238, 245, 251]
[632]
[17615]
[1560]
[9225]
[13059]
[14841]
[8804]
[13029]
[15217]
[14333, 314, 310, 316, 308]
[13910, 320, 311]
[18406]
[14900]
['']
[16267]
[18612]
[14334]
[14905]
[16268]
[18207]
[18245]
[18246]
[18247]
[18414]
[13898]
[18415]
[15486]
[10560]
[14433]
[10562]
[18850]
[18851]
[13919]
['']
[6135]
[8618]
[6881]
[20376]
[19071]
[13418]
[20375]
[2893]
[8597]
[17617]
[7056]
[1849]
[1809]
[22471]
[14729]
[18063]
[18064]
[18311]
[18312]
['']
[18251]
[17618]
[1516]
[1585]
[1686]
[1687]
[2959]
[17619]
[18304]
[22363]
[19793]
[8951]
[9226]
[8635]
[160]
[159]
[208]
[3315]
[317]
['']
[6206]
[8624]
[16776]
[17620]
[17701]
[18263]
[13891]
[9736]
[8625]
[7182]
[9741]
[7267]
[7278, 318]
[2375]
[9651]
[9652]
[9653]
[1116]
[6882]
['']
[330]
[17670]
[17671]
[1216]
[262]
[150]
[22472]
[22659]
[22364]
[9112]
[7202]
[9688]
[9654]
[9655]
[9689]
[9690]
[17672]
[15107]
[545]
['']
[12681]
[84]
[3647]
[350]
[12707]
[10567]
[720]
[1235]
[15340]
[15600]
[6693]
[15076]
[15078]
[2439]
[18001]
[9774]
[6140]
[10569]
[18490]
['']
[7266]
[6466]
[9273]
[7708]
[9421]
[9422]
[13823]
[13597]
[1771, 245]
[5099]
[1533]
[1269]
[1617]
[1381]
[3857]
[2967]
[2923]
[3243]
[8634]
['']
[5827]
[7270]
[6638]
[17742]
[8636]
[6403]
[5401]
[15079]
[8637]
[18008]
[17820]
[5356]
[7263]
[5997]
[9338]
[7063]
[17621]
[7062]
[15135]
['']
[9123]
[9657]
[8640]
[8622]
[20334]
[20589]
[20590]
[22132]
[22884]
[9304]
[151]
[17622]
[1840]
[7058]
[18778]
[17933]
[1808]
[1642]
[1641]
['']
[8643]
[2529]
[1963]
[1793]
[2926]
[1905]
[3118]
[2713]
[4912]
[3870]
[6428]
[5782]
[7723]
[22365]
[8644]
[13068]
[5621]
[15077]
[17623]
['']
[5758]
[9253]
[17624]
[559]
[768]
[1279]
[6569]
[7297]
[8646]
[17626]
[17627]
[4895]
[7156]
[85]
[9966]
[14342]
[13866]
[10568]
[17628]
['']
[5235]
[4523]
[13583]
[612]
[1201]
[7710]
[18002]
[18519]
[8654]
[7057]
[1932]
[9037]
[7214]
[1910]
[22366]
[8657]
[8658]
[10559]
[10561]
['']
[7060]
[9831]
[3646]
[19794]
[19798]
[19796]
[19797]
[1777]
[11702]
[12167]
[10574]
[13599]
[2715]
[10349]
[9364]
[9518]
[12385]
[10959]
[9365]
['', 29]
[3645]
[2549]
[9339, 277]
[2400]
[5497, 277]
[2220]
[3020]
[3422, 277]
[2407, 277]
[2538]
[5498]
[3171, 277]
[2418, 60]
[9737, 60]
[9714, 60]
[9186, 60]
[11280, 60]
[11283]
[1875]
['']
[9070]
[9177]
[9367]
[766]
[14370]
[9349]
[14369]
[10576]
[14419]
[1277]
[14619]
[981]
[2693]
[13722]
[21145]
[21146]
[6688]
[10578]
[8952]
['']
[20428, 227]
[3644]
[9975]
[10988]
[15552]
[17212, 238, 299, 269, 308, 279]
[1035, 116, 248, 249, 252, 263, 154, 280]
[2098, 233, 240, 246, 32]
[6689]
[18547]
[18548]
[21360]
[9313]
[10580]
[10615]
[1581]
[1915]
[2941]
[5068]
['']
[10581]
[13137]
[13136]
[14990]
[16156]
[17630]
[200]
[17631]
[17632]
[2551]
[15266]
[2930]
[4022]
[15337]
[6434, 269]
[7472, 269]
[7489]
[8659]
[9661]
['']
[14427]
[14566]
[3286]
[9662]
[5374]
[1852]
[3464]
[2257]
[8994]
[14428, 279]
[10950, 279]
[10583, 269]
[6830]
[14994]
[1882]
[1818]
[5792]
[4833]
[14991]
['']
[718]
[18762, 298, 279]
[3839, 249, 154]
[3633]
[1233]
[10586]
[9119]
[19067]
[18394]
[18434]
[22464]
[13888]
[18210]
[17634]
[5024]
[9295]
[6062]
[6625]
[6061]
['']
[7508]
[8921]
[9665]
[8663]
[86]
[87]
[21476, 298]
[8666, 298]
[8832]
[7002]
[14982]
[14983]
[88]
[13428]
[13684]
[15304]
[15243]
[15242]
[10592]
['']
[11180]
[1386]
[825]
[14480]
[14479]
[8672]
[6280]
[6281]
[6076, 227, 154]
[3643, 227]
[3642]
[15269]
[14884, 299]
[403]
[9906]
[17216, 249, 37, 154]
[2265, 316]
[17635]
[20007]
['']
[19800]
[20017]
[20907]
[20908]
[8833]
[16423]
[7513]
[970]
[1634]
[1141]
[20035]
[20036, 233, 240, 246, 32]
[2100]
[19205]
[23423]
[15578]
[7463, 227]
[3640]
[22723]
['']
[15074]
[1772]
[1092]
[15598]
[8686]
[9978]
[10599]
[10600]
[7454]
[7453]
[9738]
[8805]
[9806]
[8687]
[9666]
[9667]
[9668]
[10597]
[10598]
['']
[23424]
[4124]
[22965]
[16791, 303, 310, 318, 308, 279]
[3754]
[4790]
[15219]
[17642]
[17641]
[18535]
[13164]
[14436]
[14343]
[15507]
[15161]
[10602]
[10603]
[9669]
[15011]
['']
[13162]
[15303]
[161]
[211]
[89]
[90]
[242]
[273]
[8689]
[8690]
[9043]
[8797]
[9670]
[13595]
[4832]
[5301]
[9671]
[8691]
[10605]
['']
[9194]
[9979]
[9807]
[22371]
[8692]
[21841]
[9089]
[9307]
[6731]
[7116]
[22992]
[15221]
[714, 37, 154]
[3637]
[1460]
[139]
[17636]
[17637]
[18395]
['']
[19809]
[9050]
[4020]
[5761]
[8697]
[16322]
[14017]
[19824]
[8698]
[18306]
[6541]
[19100]
[22974]
[22901]
[19802]
[1510]
[19206]
[775]
[1288]
['']
[8699]
[9173]
[6348]
[140]
[13539]
[14351]
[15150]
[15579]
[17984]
[17985]
[798]
[19804]
[19805]
[19807]
[19808]
[15734]
[15754]
[348]
[19806]
['', 227]
[2104]
[14365]
[14366]
[6454]
[21736]
[966]
[1628]
[8800, 316]
[17964]
[18314]
[18313]
[21457]
[1414]
[3270]
[13377]
[1644]
[23018]
[19097]
[3317]
['']
[4773]
[21306]
[1603]
[945]
[10593]
[12667]
[14371]
[12759]
[12597]
[13008]
[13153]
[13215]
[10594]
[10956]
[15518]
[1301]
[1327]
[17758]
[18396]
['']
[1545]
[345]
[2890]
[4043]
[4880]
[5271]
[5272]
[1318]
[13492]
[4513]
[2837]
[3458]
[5242, 299]
[2402]
[2421]
[1319]
[91]
[2320]
[278]
['']
[17643]
[13622]
[13625]
[141]
[17633]
[17813]
[14352]
[14353]
[21134]
[13872]
[1767]
[5848]
[2432]
[1132]
[6217]
[13536]
[4546]
[7037]
[3107]
['']
[6799]
[13188]
[3918]
[13804]
[13803]
[14426]
[7449]
[21842]
[21307]
[17803]
[14016]
[3902]
[3125]
[3121]
[18475]
[23016]
[1400]
[14557, 279]
[9981]
['', 252]
[7286, 252]
[9673]
[19811]
[21167]
[21819, 276]
[6418]
[5091]
[5090]
[1534]
[918]
[6226]
[5405]
[8704]
[6836]
[6227]
[13727]
[8705]
[8706]
[14362]
['']
[6046]
[17644]
[6045]
[6231]
[6230]
[17814]
[8708]
[7509]
[5613]
[2106]
[7507]
[5750]
[8709, 299]
[2901, 299]
[4559]
[6013, 299]
[3207]
[3156]
[9675]
['']
[9674]
[21646, 263]
[8710]
[92]
[17645]
[10548]
[9641]
[18452]
[5215]
[343, 227]
[2101]
[8920]
[6004]
[6627]
[18033]
[19098]
[1393]
[827]
[1616]
['']
[961]
[3318]
[2548]
[15946]
[9980]
[8711]
[7808]
[14276]
[9677]
[9072]
[6193]
[9678, 154]
[9680, 306]
[13878]
[14330]
[15008]
[13503]
[2102]
[7065]
['']
[9672]
[7007, 308]
[14685]
[5751]
[6690]
[3639]
[9569, 306]
[13880]
[15425]
[13871]
[6691]
[13724]
[14340, 279]
[9359, 279]
[9679]
[13833, 279]
[13423, 279]
[9808]
[13832]
['']
[17986]
[3859]
[2709]
[6921]
[985]
[366]
[18773]
[18151, 227]
[1452, 227]
[1583, 227]
[1684, 227]
[1685, 154]
[4919, 154]
[5395, 154]
[6430, 154]
[3284, 154]
[3319]
[1775]
[737]
['']
[739]
[1435]
[1433]
[8713]
[1434]
[14871]
[14997]
[19812]
[6815]
[1345]
[21647]
[18145]
[18152]
[8714]
[22065]
[20037]
[15268]
[12305]
[15152]
['']
[10937]
[10595]
[21843]
[17646]
[7706]
[8628]
[15236]
[7519]
[8715]
[6003]
[19513]
[19512]
[21370]
[15550]
[17987]
[20909]
[17759]
[15562]
[20335]
['']
[9676]
[14337]
[462]
[1017]
[1670]
[226]
[321]
[1304]
[3320]
[153]
[17743, 252]
[15489, 323]
[19813]
[20910]
[16308]
[646]
[16306]
[16303]
[182]
['']
[241]
[3321]
[1202]
[142]
[143]
[257]
[303]
[2064]
[144]
[2107]
[16428]
[3638]
[9983]
[1853]
[19814]
[10613]
[9984]
[8732]
[7828]
['']
[3465]
[756]
[17647]
[22887]
[22660]
[19815]
[19816]
[6032]
[3424]
[1015]
[10940]
[1661]
[1250]
[17648]
[17649]
[1955]
[1664]
[18010]
[6817]
['']
[1142]
[5417]
[17988]
[14359]
[2980]
[4443]
[7477]
[955]
[1884]
[23085]
[23388]
